// Initial random seed:
1625280420045

// RunInitializeCallbacks():
initializeSLiMModelType(modelType = 'nonWF');
initializeSLiMOptions(dimensionality = 'x');
initializeMutationType(1, 0.5, "n", 0, 1);
initializeMutationType(2, 0.5, "n", 0, 1);
initializeGenomicElementType(1, c(m1, m2), c(10, 1));
initializeGenomicElement(g1, 0, 99999);
initializeMutationRate(1e-07);
initializeRecombinationRate(1e-08);

// Starting run at generation <start>:
1 

gen	pheno_p	pheno_h	div_p	div_h	ind_p	ind_h	sig_K	sig_C
    1   0.00   0.00  0.00  0.00 1000 1000  1.00  0.40 
    2  -0.00  -0.00  0.01  0.00 3000 2000  1.00  0.40 
    3  -0.00  -0.00  0.01  0.00 9000 4000  1.00  0.40 
    4  -0.00  -0.00  0.02  0.00 9996 7994  1.00  0.40 
    5  -0.01  -0.00  0.03  0.0010161 9981  1.00  0.40 
    6  -0.01  -0.00  0.04  0.00 9954 9904  1.00  0.40 
    7  -0.01  -0.00  0.06  0.00 999410111  1.00  0.40 
    8  -0.02  -0.00  0.09  0.01 9980 9941  1.00  0.40 
    9  -0.03  -0.00  0.12  0.0110026 9973  1.00  0.40 
   10  -0.03   0.00  0.15  0.0110047 9964  1.00  0.40 
   11  -0.05  -0.00  0.20  0.011001110005  1.00  0.40 
   12  -0.07  -0.00  0.26  0.01 9865 9819  1.00  0.40 
   13  -0.09  -0.00  0.34  0.0110028 9994  1.00  0.40 
   14  -0.12  -0.00  0.44  0.01 9960 9997  1.00  0.40 
   15  -0.16  -0.00  0.53  0.0110077 9957  1.00  0.40 
   16  -0.20  -0.00  0.64  0.01 998110057  1.00  0.40 
   17  -0.23  -0.00  0.74  0.01 987910054  1.00  0.40 
   18  -0.27  -0.00  0.83  0.01 9998 9937  1.00  0.40 
   19  -0.31  -0.00  0.90  0.01 998310019  1.00  0.40 
   20  -0.34   0.00  0.96  0.01 9922 9923  1.00  0.40 
   21  -0.37   0.00  1.00  0.0110116 9940  1.00  0.40 
   22  -0.39  -0.00  1.03  0.01 998610073  1.00  0.40 
   23  -0.39  -0.00  1.06  0.0110030 9952  1.00  0.40 
   24  -0.41  -0.00  1.08  0.0110078 9931  1.00  0.40 
   25  -0.44  -0.00  1.09  0.0210051 9979  1.00  0.40 
   26  -0.48  -0.00  1.11  0.0210031 9961  1.00  0.40 
   27  -0.48  -0.00  1.12  0.02 9962 9882  1.00  0.40 
   28  -0.51  -0.00  1.13  0.02 997910147  1.00  0.40 
   29  -0.51  -0.00  1.14  0.02 998610134  1.00  0.40 
   30  -0.52  -0.01  1.14  0.031004510143  1.00  0.40 
   31  -0.56  -0.01  1.15  0.03 998510060  1.00  0.40 
   32  -0.57  -0.01  1.16  0.04 995010042  1.00  0.40 
   33  -0.55  -0.01  1.17  0.04 991810022  1.00  0.40 
   34  -0.58  -0.02  1.17  0.051006010099  1.00  0.40 
   35  -0.57  -0.02  1.18  0.05 990310010  1.00  0.40 
   36  -0.59  -0.03  1.18  0.06 997510018  1.00  0.40 
   37  -0.58  -0.04  1.19  0.0810213 9966  1.00  0.40 
   38  -0.61  -0.05  1.20  0.0910012 9922  1.00  0.40 
   39  -0.58  -0.07  1.21  0.1110007 9990  1.00  0.40 
   40  -0.58  -0.08  1.22  0.121002910089  1.00  0.40 
   41  -0.57  -0.10  1.22  0.15 9989 9896  1.00  0.40 
   42  -0.55  -0.14  1.23  0.18 9847 9992  1.00  0.40 
   43  -0.56  -0.17  1.24  0.21 994810028  1.00  0.40 
   44  -0.58  -0.20  1.25  0.24 987610006  1.00  0.40 
   45  -0.57  -0.24  1.26  0.281006910080  1.00  0.40 
   46  -0.61  -0.28  1.28  0.311014610018  1.00  0.40 
   47  -0.57  -0.33  1.29  0.36 9919 9938  1.00  0.40 
   48  -0.53  -0.40  1.31  0.41 9950 9970  1.00  0.40 
   49  -0.55  -0.44  1.32  0.461001910032  1.00  0.40 
   50  -0.48  -0.47  1.32  0.501003510025  1.00  0.40 
   51  -0.43  -0.53  1.33  0.5410015 9899  1.00  0.40 
   52  -0.36  -0.57  1.35  0.591003810054  1.00  0.40 
   53  -0.31  -0.58  1.36  0.62 987910018  1.00  0.40 
   54  -0.27  -0.59  1.38  0.661002410099  1.00  0.40 
   55  -0.21  -0.59  1.39  0.7010009 9981  1.00  0.40 
   56  -0.22  -0.58  1.41  0.74 998210026  1.00  0.40 
   57  -0.23  -0.57  1.44  0.78 9977 9945  1.00  0.40 
   58  -0.20  -0.56  1.46  0.81 994710062  1.00  0.40 
   59  -0.18  -0.53  1.48  0.8510094 9923  1.00  0.40 
   60  -0.20  -0.50  1.49  0.87 9996 9889  1.00  0.40 
   61  -0.17  -0.44  1.50  0.89 999910059  1.00  0.40 
   62  -0.23  -0.35  1.52  0.91 9988 9884  1.00  0.40 
   63  -0.24  -0.28  1.54  0.9310055 9852  1.00  0.40 
   64  -0.32  -0.19  1.56  0.9610086 9944  1.00  0.40 
   65  -0.37  -0.11  1.58  0.9710011 9888  1.00  0.40 
   66  -0.44  -0.03  1.61  0.99 9958 9948  1.00  0.40 
   67  -0.57   0.03  1.63  1.01 995610044  1.00  0.40 
   68  -0.65   0.10  1.66  1.01 9989 9910  1.00  0.40 
   69  -0.80   0.20  1.69  1.03 9984 9910  1.00  0.40 
   70  -0.94   0.29  1.71  1.04 999610006  1.00  0.40 
   71  -1.06   0.35  1.73  1.051007710047  1.00  0.40 
   72  -1.22   0.38  1.75  1.0610095 9870  1.00  0.40 
   73  -1.36   0.41  1.76  1.061005710052  1.00  0.40 
   74  -1.49   0.43  1.79  1.07 9852 9971  1.00  0.40 
   75  -1.68   0.43  1.81  1.08 987310079  1.00  0.40 
   76  -1.86   0.38  1.83  1.08 996810111  1.00  0.40 
   77  -1.96   0.37  1.84  1.10 997810008  1.00  0.40 
   78  -2.10   0.31  1.86  1.1110039 9996  1.00  0.40 
   79  -2.19   0.25  1.89  1.12 9996 9984  1.00  0.40 
   80  -2.28   0.19  1.90  1.13 9912 9911  1.00  0.40 
   81  -2.37   0.10  1.93  1.14 997410066  1.00  0.40 
   82  -2.42  -0.04  1.95  1.16 996510042  1.00  0.40 
   83  -2.46  -0.18  1.96  1.171001710124  1.00  0.40 
   84  -2.50  -0.34  1.97  1.17 9967 9919  1.00  0.40 
   85  -2.51  -0.50  2.00  1.1910007 9992  1.00  0.40 
   86  -2.55  -0.68  2.00  1.191001810058  1.00  0.40 
   87  -2.53  -0.92  2.02  1.19 9999 9979  1.00  0.40 
   88  -2.51  -1.11  2.05  1.1910084 9973  1.00  0.40 
   89  -2.48  -1.32  2.07  1.19 9890 9966  1.00  0.40 
   90  -2.49  -1.55  2.08  1.1910027 9854  1.00  0.40 
   91  -2.43  -1.74  2.10  1.1810107 9994  1.00  0.40 
   92  -2.36  -1.94  2.13  1.17 9944 9991  1.00  0.40 
   93  -2.25  -2.10  2.14  1.1610014 9869  1.00  0.40 
   94  -2.10  -2.27  2.16  1.15 996610041  1.00  0.40 
   95  -1.91  -2.43  2.19  1.15 995510005  1.00  0.40 
   96  -1.74  -2.59  2.22  1.131005810042  1.00  0.40 
   97  -1.55  -2.76  2.23  1.111007210048  1.00  0.40 
   98  -1.33  -2.87  2.25  1.111013310173  1.00  0.40 
   99  -1.06  -2.97  2.27  1.111004010075  1.00  0.40 
  100  -0.78  -3.07  2.28  1.111010910077  1.00  0.40 
  101  -0.53  -3.16  2.30  1.111000210066  1.00  0.40 
  102  -0.26  -3.25  2.34  1.1110002 9956  1.00  0.40 
  103   0.01  -3.31  2.35  1.13 990910036  1.00  0.40 
  104   0.25  -3.37  2.36  1.1510133 9980  1.00  0.40 
  105   0.55  -3.44  2.37  1.1610133 9996  1.00  0.40 
  106   0.75  -3.48  2.39  1.17 9930 9974  1.00  0.40 
  107   0.95  -3.51  2.39  1.19 9955 9861  1.00  0.40 
  108   1.09  -3.54  2.40  1.211002210050  1.00  0.40 
  109   1.29  -3.57  2.40  1.23 9990 9929  1.00  0.40 
  110   1.42  -3.58  2.41  1.241005710194  1.00  0.40 
  111   1.54  -3.58  2.40  1.251006510000  1.00  0.40 
  112   1.69  -3.59  2.40  1.26 9937 9992  1.00  0.40 
  113   1.83  -3.59  2.41  1.281006910047  1.00  0.40 
  114   2.00  -3.59  2.41  1.31 9934 9901  1.00  0.40 
  115   2.12  -3.57  2.40  1.321001410037  1.00  0.40 
  116   2.23  -3.56  2.40  1.33 9971 9933  1.00  0.40 
  117   2.35  -3.50  2.40  1.351004010029  1.00  0.40 
  118   2.43  -3.45  2.39  1.38 9963 9980  1.00  0.40 
  119   2.50  -3.37  2.39  1.4010061 9955  1.00  0.40 
  120   2.54  -3.23  2.39  1.44 996910001  1.00  0.40 
  121   2.60  -3.10  2.42  1.48 993510079  1.00  0.40 
  122   2.66  -2.96  2.42  1.52 996410095  1.00  0.40 
  123   2.70  -2.77  2.44  1.57 991010051  1.00  0.40 
  124   2.71  -2.57  2.47  1.62 9817 9961  1.00  0.40 
  125   2.71  -2.35  2.49  1.68 9952 9997  1.00  0.40 
  126   2.74  -2.11  2.51  1.7310044 9983  1.00  0.40 
  127   2.76  -1.82  2.51  1.79 9896 9933  1.00  0.40 
  128   2.79  -1.53  2.54  1.84 995310040  1.00  0.40 
  129   2.81  -1.17  2.56  1.8910120 9903  1.00  0.40 
  130   2.81  -0.85  2.58  1.94 9968 9905  1.00  0.40 
  131   2.83  -0.53  2.61  1.98 989610100  1.00  0.40 
  132   2.81  -0.14  2.63  2.02 9987 9884  1.00  0.40 
  133   2.82   0.20  2.65  2.051000410012  1.00  0.40 
  134   2.82   0.47  2.67  2.071001910023  1.00  0.40 
  135   2.83   0.80  2.70  2.09 996510066  1.00  0.40 
  136   2.82   1.13  2.74  2.10 989110035  1.00  0.40 
  137   2.79   1.39  2.77  2.09 9960 9982  1.00  0.40 
  138   2.81   1.65  2.79  2.09 9875 9989  1.00  0.40 
  139   2.77   1.88  2.80  2.08 9977 9991  1.00  0.40 
  140   2.69   2.11  2.84  2.07 998010028  1.00  0.40 
  141   2.62   2.36  2.86  2.0610046 9944  1.00  0.40 
  142   2.50   2.53  2.90  2.03 990710065  1.00  0.40 
  143   2.41   2.69  2.93  2.011010610127  1.00  0.40 
  144   2.31   2.82  2.95  1.98 9979 9998  1.00  0.40 
  145   2.21   2.91  2.97  1.951002310017  1.00  0.40 
  146   2.04   3.04  2.99  1.93 980910056  1.00  0.40 
  147   1.80   3.15  3.02  1.91 976910120  1.00  0.40 
  148   1.59   3.24  3.07  1.89 995510119  1.00  0.40 
  149   1.30   3.29  3.13  1.87 984510003  1.00  0.40 
  150   0.99   3.37  3.17  1.86 9929 9886  1.00  0.40 
  151   0.71   3.44  3.23  1.85 993710011  1.00  0.40 
  152   0.39   3.49  3.28  1.84 9970 9916  1.00  0.40 
  153   0.10   3.52  3.33  1.841004310019  1.00  0.40 
  154  -0.34   3.58  3.39  1.84 9981 9952  1.00  0.40 
  155  -0.75   3.59  3.43  1.83 9930 9946  1.00  0.40 
  156  -1.15   3.59  3.47  1.82 997910034  1.00  0.40 
  157  -1.54   3.63  3.52  1.821000810024  1.00  0.40 
  158  -1.99   3.66  3.56  1.83 986610094  1.00  0.40 
  159  -2.44   3.67  3.60  1.82 985310079  1.00  0.40 
  160  -2.92   3.68  3.64  1.82 9850 9976  1.00  0.40 
  161  -3.33   3.68  3.66  1.81 9868 9996  1.00  0.40 
  162  -3.72   3.70  3.66  1.82 999410099  1.00  0.40 
  163  -4.07   3.72  3.68  1.82 9996 9955  1.00  0.40 
  164  -4.46   3.71  3.69  1.81 9958 9983  1.00  0.40 
  165  -4.79   3.71  3.70  1.801001310043  1.00  0.40 
  166  -5.04   3.74  3.71  1.81 9950 9904  1.00  0.40 
  167  -5.36   3.74  3.73  1.81 987110026  1.00  0.40 
  168  -5.55   3.77  3.75  1.811006310004  1.00  0.40 
  169  -5.72   3.77  3.76  1.811002310060  1.00  0.40 
  170  -5.87   3.76  3.75  1.81 9991 9972  1.00  0.40 
  171  -6.00   3.76  3.75  1.8110045 9985  1.00  0.40 
  172  -6.12   3.75  3.74  1.81 9964 9996  1.00  0.40 
  173  -6.19   3.75  3.75  1.82 9973 9901  1.00  0.40 
  174  -6.27   3.75  3.76  1.8410019 9941  1.00  0.40 
  175  -6.38   3.75  3.77  1.83 997310042  1.00  0.40 
  176  -6.50   3.75  3.78  1.83 9946 9942  1.00  0.40 
  177  -6.58   3.75  3.80  1.831004710027  1.00  0.40 
  178  -6.63   3.76  3.82  1.8410088 9990  1.00  0.40 
  179  -6.65   3.76  3.81  1.83 9977 9917  1.00  0.40 
  180  -6.68   3.74  3.81  1.8310046 9906  1.00  0.40 
  181  -6.69   3.72  3.81  1.8210028 9946  1.00  0.40 
  182  -6.74   3.72  3.82  1.821008710006  1.00  0.40 
  183  -6.76   3.70  3.83  1.821009110002  1.00  0.40 
  184  -6.76   3.69  3.81  1.82 9994 9871  1.00  0.40 
  185  -6.79   3.68  3.82  1.811006510044  1.00  0.40 
  186  -6.80   3.66  3.83  1.81 9995 9901  1.00  0.40 
  187  -6.83   3.67  3.82  1.81 9866 9914  1.00  0.40 
  188  -6.83   3.68  3.83  1.8210115 9931  1.00  0.40 
  189  -6.82   3.69  3.83  1.82 9992 9904  1.00  0.40 
  190  -6.85   3.69  3.82  1.8110019 9983  1.00  0.40 
  191  -6.87   3.65  3.82  1.8010072 9966  1.00  0.40 
  192  -6.89   3.63  3.82  1.791002910047  1.00  0.40 
  193  -6.89   3.64  3.82  1.811008010082  1.00  0.40 
  194  -6.91   3.65  3.83  1.82 9964 9845  1.00  0.40 
  195  -6.92   3.65  3.82  1.821004610155  1.00  0.40 
  196  -6.93   3.63  3.83  1.8210113 9917  1.00  0.40 
  197  -6.93   3.61  3.82  1.821003310084  1.00  0.40 
  198  -6.92   3.60  3.83  1.83 9827 9980  1.00  0.40 
  199  -6.93   3.62  3.84  1.84 9755 9986  1.00  0.40 
  200  -6.93   3.60  3.85  1.841003510040  1.00  0.40 
  201  -6.93   3.57  3.87  1.8310074 9962  1.00  0.40 
  202  -6.96   3.57  3.89  1.83 991310172  1.00  0.40 
  203  -6.97   3.57  3.89  1.831013710054  1.00  0.40 
  204  -6.97   3.55  3.90  1.83 9841 9999  1.00  0.40 
  205  -6.99   3.55  3.91  1.8310031 9965  1.00  0.40 
  206  -6.97   3.56  3.92  1.83 9831 9916  1.00  0.40 
  207  -6.96   3.54  3.92  1.83 9978 9904  1.00  0.40 
  208  -6.96   3.51  3.93  1.82 9949 9928  1.00  0.40 
  209  -6.95   3.51  3.93  1.8310032 9987  1.00  0.40 
  210  -6.94   3.52  3.93  1.83 996510166  1.00  0.40 
  211  -6.94   3.50  3.94  1.831003210022  1.00  0.40 
  212  -6.95   3.46  3.94  1.831002110079  1.00  0.40 
  213  -6.96   3.48  3.94  1.831013310047  1.00  0.40 
  214  -6.97   3.49  3.96  1.82 992010047  1.00  0.40 
  215  -6.96   3.48  3.96  1.8210158 9863  1.00  0.40 
  216  -6.95   3.47  3.97  1.811004610052  1.00  0.40 
  217  -6.95   3.46  3.97  1.811001410054  1.00  0.40 
  218  -6.96   3.46  3.98  1.82 999910097  1.00  0.40 
  219  -6.95   3.46  3.99  1.83 9899 9922  1.00  0.40 
  220  -6.96   3.44  4.00  1.82 998710013  1.00  0.40 
  221  -6.96   3.43  4.01  1.83 9988 9914  1.00  0.40 
  222  -6.96   3.42  4.02  1.8310099 9957  1.00  0.40 
  223  -6.98   3.39  4.03  1.82 989010162  1.00  0.40 
  224  -6.99   3.39  4.05  1.82 9956 9993  1.00  0.40 
  225  -6.98   3.40  4.04  1.8310019 9929  1.00  0.40 
  226  -6.98   3.40  4.04  1.84 988710029  1.00  0.40 
  227  -6.96   3.39  4.04  1.84 997010031  1.00  0.40 
  228  -6.95   3.39  4.03  1.84 989110045  1.00  0.40 
  229  -6.96   3.39  4.03  1.8410086 9996  1.00  0.40 
  230  -6.96   3.36  4.04  1.83 9879 9940  1.00  0.40 
  231  -6.94   3.35  4.04  1.84 9935 9954  1.00  0.40 
  232  -6.95   3.34  4.06  1.84 9870 9902  1.00  0.40 
  233  -6.94   3.37  4.06  1.84 9899 9885  1.00  0.40 
  234  -6.95   3.37  4.06  1.83 999210015  1.00  0.40 
  235  -6.94   3.34  4.06  1.83 995610083  1.00  0.40 
  236  -6.94   3.33  4.07  1.831002010096  1.00  0.40 
  237  -6.95   3.34  4.09  1.8310070 9920  1.00  0.40 
  238  -6.97   3.32  4.11  1.84 9981 9952  1.00  0.40 
  239  -6.97   3.32  4.13  1.84 9991 9949  1.00  0.40 
  240  -6.96   3.31  4.14  1.84 9927 9921  1.00  0.40 
  241  -6.94   3.33  4.16  1.8510044 9891  1.00  0.40 
  242  -6.95   3.32  4.16  1.85 9960 9979  1.00  0.40 
  243  -6.96   3.32  4.17  1.8510054 9967  1.00  0.40 
  244  -6.95   3.32  4.15  1.84 9970 9925  1.00  0.40 
  245  -6.94   3.33  4.17  1.8410024 9978  1.00  0.40 
  246  -6.93   3.32  4.17  1.84 9913 9907  1.00  0.40 
  247  -6.95   3.33  4.18  1.841005110099  1.00  0.40 
  248  -6.98   3.33  4.19  1.8510176 9945  1.00  0.40 
  249  -6.99   3.32  4.21  1.85 9975 9870  1.00  0.40 
  250  -6.99   3.27  4.22  1.85 987810055  1.00  0.40 
  251  -7.00   3.25  4.23  1.8410097 9945  1.00  0.40 
  252  -7.01   3.26  4.23  1.84 987810034  1.00  0.40 
  253  -7.02   3.20  4.23  1.83 993510137  1.00  0.40 
  254  -7.03   3.20  4.25  1.8410081 9909  1.00  0.40 
  255  -7.04   3.21  4.26  1.84 9976 9905  1.00  0.40 
  256  -7.04   3.19  4.27  1.84 9850 9948  1.00  0.40 
  257  -7.06   3.18  4.29  1.8310097 9973  1.00  0.40 
  258  -7.08   3.17  4.29  1.83 993410116  1.00  0.40 
  259  -7.05   3.17  4.28  1.8410092 9902  1.00  0.40 
  260  -7.07   3.18  4.30  1.83 996610150  1.00  0.40 
  261  -7.09   3.18  4.31  1.83 990510077  1.00  0.40 
  262  -7.10   3.18  4.32  1.8410063 9930  1.00  0.40 
  263  -7.10   3.17  4.34  1.83 986210022  1.00  0.40 
  264  -7.10   3.16  4.34  1.82 9982 9877  1.00  0.40 
  265  -7.10   3.19  4.34  1.831002510052  1.00  0.40 
  266  -7.10   3.20  4.34  1.8310067 9917  1.00  0.40 
  267  -7.10   3.20  4.35  1.83 998710176  1.00  0.40 
  268  -7.10   3.21  4.34  1.84 999710024  1.00  0.40 
  269  -7.10   3.21  4.35  1.831009510025  1.00  0.40 
  270  -7.10   3.21  4.36  1.8410174 9812  1.00  0.40 
  271  -7.11   3.21  4.35  1.8410004 9985  1.00  0.40 
  272  -7.10   3.18  4.36  1.8410015 9951  1.00  0.40 
  273  -7.10   3.16  4.37  1.84 997410032  1.00  0.40 
  274  -7.12   3.14  4.36  1.83 997210054  1.00  0.40 
  275  -7.12   3.14  4.37  1.84 9856 9968  1.00  0.40 
  276  -7.11   3.15  4.35  1.83 996110120  1.00  0.40 
  277  -7.11   3.13  4.34  1.83 999410077  1.00  0.40 
  278  -7.12   3.13  4.36  1.83 997810039  1.00  0.40 
  279  -7.12   3.14  4.35  1.83 9841 9986  1.00  0.40 
  280  -7.13   3.15  4.38  1.8510016 9868  1.00  0.40 
  281  -7.13   3.13  4.38  1.85 9991 9962  1.00  0.40 
  282  -7.12   3.12  4.39  1.8510095 9951  1.00  0.40 
  283  -7.10   3.10  4.39  1.84 9996 9895  1.00  0.40 
  284  -7.12   3.09  4.40  1.831007910040  1.00  0.40 
  285  -7.12   3.07  4.39  1.83 998910076  1.00  0.40 
  286  -7.14   3.06  4.38  1.821004610012  1.00  0.40 
  287  -7.11   3.01  4.38  1.8010068 9946  1.00  0.40 
  288  -7.09   3.01  4.38  1.81 994610010  1.00  0.40 
  289  -7.10   3.00  4.39  1.8010000 9873  1.00  0.40 
  290  -7.10   2.97  4.38  1.791003910025  1.00  0.40 
  291  -7.10   3.00  4.38  1.791007710024  1.00  0.40 
  292  -7.06   2.99  4.38  1.80 9977 9986  1.00  0.40 
  293  -7.06   2.98  4.38  1.811014810079  1.00  0.40 
  294  -7.07   2.97  4.40  1.81 9990 9922  1.00  0.40 
  295  -7.07   2.96  4.41  1.811010110046  1.00  0.40 
  296  -7.06   2.96  4.41  1.81 997610106  1.00  0.40 
  297  -7.07   2.97  4.42  1.81 988010058  1.00  0.40 
  298  -7.09   2.95  4.43  1.81 9778 9999  1.00  0.40 
  299  -7.12   2.91  4.46  1.81 985610057  1.00  0.40 
  300  -7.12   2.92  4.46  1.82 9993 9948  1.00  0.40 
  301  -7.13   2.93  4.46  1.82 982010035  1.00  0.40 
  302  -7.12   2.90  4.47  1.8210051 9986  1.00  0.40 
  303  -7.12   2.86  4.48  1.82 994810094  1.00  0.40 
  304  -7.13   2.83  4.49  1.83 9927 9943  1.00  0.40 
  305  -7.13   2.80  4.49  1.83 996010117  1.00  0.40 
  306  -7.12   2.80  4.49  1.831000410112  1.00  0.40 
  307  -7.12   2.77  4.48  1.8210085 9791  1.00  0.40 
  308  -7.13   2.78  4.49  1.83 995010139  1.00  0.40 
  309  -7.11   2.74  4.49  1.83 997910047  1.00  0.40 
  310  -7.09   2.70  4.50  1.8210048 9881  1.00  0.40 
  311  -7.10   2.67  4.52  1.84 9883 9960  1.00  0.40 
  312  -7.09   2.66  4.53  1.851000310126  1.00  0.40 
  313  -7.12   2.64  4.54  1.8710069 9951  1.00  0.40 
  314  -7.13   2.54  4.56  1.8810112 9822  1.00  0.40 
  315  -7.13   2.51  4.57  1.90 993510069  1.00  0.40 
  316  -7.13   2.47  4.58  1.9210059 9955  1.00  0.40 
  317  -7.14   2.47  4.58  1.921011710014  1.00  0.40 
  318  -7.14   2.42  4.58  1.94 9860 9942  1.00  0.40 
  319  -7.15   2.36  4.58  1.9510029 9994  1.00  0.40 
  320  -7.15   2.33  4.60  1.97 993910001  1.00  0.40 
  321  -7.17   2.28  4.63  1.98 9920 9881  1.00  0.40 
  322  -7.19   2.18  4.66  1.99 999710096  1.00  0.40 
  323  -7.22   2.08  4.67  2.0110063 9936  1.00  0.40 
  324  -7.21   2.00  4.68  2.02 999010104  1.00  0.40 
  325  -7.19   1.90  4.66  2.0510082 9812  1.00  0.40 
  326  -7.19   1.78  4.68  2.081002510142  1.00  0.40 
  327  -7.20   1.62  4.70  2.11 9990 9948  1.00  0.40 
  328  -7.22   1.43  4.71  2.1310099 9935  1.00  0.40 
  329  -7.22   1.26  4.70  2.1510147 9978  1.00  0.40 
  330  -7.22   1.02  4.70  2.181007610039  1.00  0.40 
  331  -7.24   0.79  4.70  2.21 9901 9922  1.00  0.40 
  332  -7.23   0.54  4.71  2.2410028 9918  1.00  0.40 
  333  -7.25   0.19  4.73  2.2610111 9869  1.00  0.40 
  334  -7.30  -0.18  4.73  2.31 994610037  1.00  0.40 
  335  -7.32  -0.55  4.75  2.32 992610039  1.00  0.40 
  336  -7.35  -0.98  4.77  2.32 998210013  1.00  0.40 
  337  -7.40  -1.48  4.81  2.32 9937 9963  1.00  0.40 
  338  -7.42  -2.06  4.79  2.29 9925 9923  1.00  0.40 
  339  -7.47  -2.63  4.81  2.23 997410055  1.00  0.40 
  340  -7.53  -3.18  4.83  2.16 9864 9960  1.00  0.40 
  341  -7.58  -3.75  4.86  2.0510041 9914  1.00  0.40 
  342  -7.63  -4.33  4.88  1.931006610027  1.00  0.40 
  343  -7.72  -4.87  4.92  1.80 9867 9888  1.00  0.40 
  344  -7.79  -5.36  4.94  1.661017710003  1.00  0.40 
  345  -7.85  -5.74  4.98  1.531000710051  1.00  0.40 
  346  -7.92  -6.06  5.03  1.41 9985 9995  1.00  0.40 
  347  -8.00  -6.29  5.07  1.331011710055  1.00  0.40 
  348  -8.08  -6.53  5.11  1.24 993510092  1.00  0.40 
  349  -8.19  -6.72  5.16  1.19 9968 9961  1.00  0.40 
  350  -8.28  -6.88  5.21  1.14 9974 9995  1.00  0.40 
  351  -8.40  -7.00  5.27  1.091000310045  1.00  0.40 
  352  -8.49  -7.11  5.31  1.0710058 9984  1.00  0.40 
  353  -8.58  -7.22  5.36  1.041001610064  1.00  0.40 
  354  -8.66  -7.33  5.40  1.03 991110037  1.00  0.40 
  355  -8.75  -7.42  5.45  1.0110041 9946  1.00  0.40 
  356  -8.78  -7.50  5.48  1.011004610004  1.00  0.40 
  357  -8.82  -7.62  5.52  1.001007510110  1.00  0.40 
  358  -8.81  -7.74  5.54  0.9610031 9850  1.00  0.40 
  359  -8.83  -7.88  5.56  0.94 997210082  1.00  0.40 
  360  -8.84  -7.99  5.59  0.91 9997 9979  1.00  0.40 
  361  -8.82  -8.12  5.60  0.89 9891 9899  1.00  0.40 
  362  -8.79  -8.25  5.62  0.86 9895 9969  1.00  0.40 
  363  -8.73  -8.38  5.66  0.8310201 9913  1.00  0.40 
  364  -8.70  -8.49  5.68  0.80 9986 9995  1.00  0.40 
  365  -8.63  -8.57  5.71  0.77 999710109  1.00  0.40 
  366  -8.59  -8.66  5.74  0.75 995410103  1.00  0.40 
  367  -8.53  -8.74  5.78  0.73 9936 9959  1.00  0.40 
  368  -8.41  -8.82  5.83  0.6910130 9973  1.00  0.40 
  369  -8.29  -8.87  5.84  0.67 9749 9974  1.00  0.40 
  370  -8.08  -8.91  5.82  0.6510044 9919  1.00  0.40 
  371  -7.97  -8.94  5.84  0.64 9916 9937  1.00  0.40 
  372  -7.89  -8.96  5.85  0.6410037 9973  1.00  0.40 
  373  -7.86  -8.95  5.86  0.651002110054  1.00  0.40 
  374  -7.76  -8.97  5.88  0.65 9999 9914  1.00  0.40 
  375  -7.67  -8.94  5.89  0.67 979110030  1.00  0.40 
  376  -7.62  -8.90  5.89  0.70 997610006  1.00  0.40 
  377  -7.57  -8.86  5.90  0.72 991510093  1.00  0.40 
  378  -7.53  -8.77  5.93  0.75 9943 9947  1.00  0.40 
  379  -7.48  -8.67  5.96  0.8110134 9935  1.00  0.40 
  380  -7.50  -8.55  5.95  0.88 9971 9973  1.00  0.40 
  381  -7.54  -8.39  5.97  0.971005510003  1.00  0.40 
  382  -7.55  -8.20  6.00  1.0510053 9912  1.00  0.40 
  383  -7.60  -8.00  6.03  1.13 9936 9991  1.00  0.40 
  384  -7.66  -7.77  6.05  1.22 9950 9994  1.00  0.40 
  385  -7.73  -7.53  6.08  1.30 9881 9948  1.00  0.40 
  386  -7.83  -7.24  6.12  1.401000510169  1.00  0.40 
  387  -7.95  -7.02  6.14  1.471000710009  1.00  0.40 
  388  -8.16  -6.77  6.24  1.5310106 9943  1.00  0.40 
  389  -8.39  -6.55  6.29  1.59 9960 9901  1.00  0.40 
  390  -8.63  -6.41  6.38  1.6210036 9985  1.00  0.40 
  391  -8.81  -6.27  6.45  1.6510056 9924  1.00  0.40 
  392  -9.06  -6.12  6.53  1.67 9976 9978  1.00  0.40 
  393  -9.40  -5.99  6.60  1.7010045 9842  1.00  0.40 
  394  -9.60  -5.92  6.66  1.711001810061  1.00  0.40 
  395  -9.82  -5.84  6.71  1.72 9885 9928  1.00  0.40 
  396  -9.99  -5.85  6.76  1.72 9958 9961  1.00  0.40 
  397 -10.19  -5.84  6.83  1.71 990410001  1.00  0.40 
  398 -10.42  -5.81  6.89  1.7210064 9975  1.00  0.40 
  399 -10.61  -5.84  6.94  1.72 994310054  1.00  0.40 
  400 -10.76  -5.87  6.98  1.7210058 9956  1.00  0.40 
  401 -10.87  -5.88  7.01  1.7210010 9986  1.00  0.40 
  402 -11.04  -5.94  7.03  1.73 9985 9992  1.00  0.40 
  403 -11.12  -5.96  7.06  1.74 993110012  1.00  0.40 
  404 -11.25  -6.00  7.09  1.75 9927 9913  1.00  0.40 
  405 -11.38  -6.11  7.12  1.751000410023  1.00  0.40 
  406 -11.55  -6.17  7.15  1.75 990310110  1.00  0.40 
  407 -11.67  -6.26  7.17  1.75 982610149  1.00  0.40 
  408 -11.75  -6.36  7.18  1.75 998810069  1.00  0.40 
  409 -11.84  -6.47  7.20  1.751008310034  1.00  0.40 
  410 -11.92  -6.61  7.20  1.75 9922 9968  1.00  0.40 
  411 -12.00  -6.71  7.21  1.76 9994 9841  1.00  0.40 
  412 -12.03  -6.87  7.21  1.7410046 9934  1.00  0.40 
  413 -12.08  -6.99  7.21  1.741000710005  1.00  0.40 
  414 -12.10  -7.10  7.21  1.751004710091  1.00  0.40 
  415 -12.19  -7.27  7.22  1.75 997910063  1.00  0.40 
  416 -12.23  -7.44  7.18  1.74 9895 9969  1.00  0.40 
  417 -12.31  -7.60  7.18  1.74 997310032  1.00  0.40 
  418 -12.42  -7.83  7.17  1.721003610091  1.00  0.40 
  419 -12.43  -8.07  7.16  1.70 988510040  1.00  0.40 
  420 -12.49  -8.29  7.16  1.69 9907 9960  1.00  0.40 
  421 -12.51  -8.51  7.14  1.69 9983 9960  1.00  0.40 
  422 -12.53  -8.66  7.09  1.70 9818 9880  1.00  0.40 
  423 -12.58  -8.83  7.04  1.69 9933 9966  1.00  0.40 
  424 -12.58  -9.04  6.99  1.691001110021  1.00  0.40 
  425 -12.59  -9.20  6.93  1.67 9827 9903  1.00  0.40 
  426 -12.56  -9.43  6.88  1.671007810026  1.00  0.40 
  427 -12.60  -9.65  6.84  1.65 997710018  1.00  0.40 
  428 -12.64  -9.89  6.77  1.64 9994 9965  1.00  0.40 
  429 -12.66 -10.10  6.69  1.631006910033  1.00  0.40 
  430 -12.69 -10.28  6.65  1.63 990810137  1.00  0.40 
  431 -12.67 -10.47  6.60  1.62 996510061  1.00  0.40 
  432 -12.72 -10.69  6.53  1.621012810097  1.00  0.40 
  433 -12.70 -10.93  6.49  1.621006710012  1.00  0.40 
  434 -12.68 -11.15  6.45  1.62 9996 9959  1.00  0.40 
  435 -12.63 -11.33  6.44  1.61 9953 9879  1.00  0.40 
  436 -12.61 -11.57  6.40  1.601006210043  1.00  0.40 
  437 -12.51 -11.80  6.40  1.601005310104  1.00  0.40 
  438 -12.34 -12.04  6.40  1.581008010029  1.00  0.40 
  439 -12.27 -12.25  6.37  1.571015210046  1.00  0.40 
  440 -12.07 -12.46  6.37  1.56 9852 9936  1.00  0.40 
  441 -11.86 -12.62  6.38  1.55 9929 9911  1.00  0.40 
  442 -11.63 -12.78  6.40  1.55 997110098  1.00  0.40 
  443 -11.39 -12.91  6.42  1.55 998810102  1.00  0.40 
  444 -11.10 -13.04  6.44  1.5510026 9972  1.00  0.40 
  445 -10.72 -13.18  6.50  1.541006810012  1.00  0.40 
  446 -10.31 -13.32  6.55  1.53 9966 9947  1.00  0.40 
  447  -9.90 -13.43  6.58  1.531005710079  1.00  0.40 
  448  -9.44 -13.49  6.62  1.551005210008  1.00  0.40 
  449  -9.02 -13.56  6.62  1.56 997310125  1.00  0.40 
  450  -8.63 -13.62  6.64  1.58 994510061  1.00  0.40 
  451  -8.27 -13.68  6.63  1.61 977510039  1.00  0.40 
  452  -7.98 -13.74  6.64  1.6210172 9986  1.00  0.40 
  453  -7.62 -13.80  6.60  1.65 9955 9970  1.00  0.40 
  454  -7.31 -13.84  6.57  1.67 995310088  1.00  0.40 
  455  -7.00 -13.87  6.55  1.69 998210097  1.00  0.40 
  456  -6.71 -13.92  6.54  1.721000310128  1.00  0.40 
  457  -6.41 -13.95  6.51  1.771001510114  1.00  0.40 
  458  -6.07 -13.99  6.48  1.80 995910045  1.00  0.40 
  459  -5.86 -14.04  6.44  1.8210004 9960  1.00  0.40 
  460  -5.71 -14.06  6.41  1.8510072 9984  1.00  0.40 
  461  -5.61 -14.07  6.40  1.8710005 9975  1.00  0.40 
  462  -5.38 -14.11  6.35  1.89 986510063  1.00  0.40 
  463  -5.23 -14.14  6.29  1.91 995410065  1.00  0.40 
  464  -5.07 -14.18  6.28  1.93 983410067  1.00  0.40 
  465  -4.90 -14.18  6.26  1.93 999910073  1.00  0.40 
  466  -4.81 -14.19  6.22  1.95 997010078  1.00  0.40 
  467  -4.70 -14.18  6.21  1.97 9890 9877  1.00  0.40 
  468  -4.66 -14.19  6.20  1.991003410007  1.00  0.40 
  469  -4.56 -14.20  6.23  2.0010021 9965  1.00  0.40 
  470  -4.49 -14.21  6.23  2.00 9979 9922  1.00  0.40 
  471  -4.43 -14.21  6.26  2.00 9940 9922  1.00  0.40 
  472  -4.35 -14.19  6.23  2.0110009 9963  1.00  0.40 
  473  -4.30 -14.20  6.25  2.011003410116  1.00  0.40 
  474  -4.23 -14.17  6.25  2.03 994110055  1.00  0.40 
  475  -4.14 -14.17  6.26  2.051012310035  1.00  0.40 
  476  -4.14 -14.19  6.27  2.06 9969 9955  1.00  0.40 
  477  -4.11 -14.14  6.26  2.08 987410011  1.00  0.40 
  478  -4.07 -14.12  6.24  2.081002610079  1.00  0.40 
  479  -3.96 -14.09  6.20  2.111004410017  1.00  0.40 
  480  -3.89 -14.08  6.19  2.12 987710100  1.00  0.40 
  481  -3.87 -14.05  6.21  2.1410097 9983  1.00  0.40 
  482  -3.88 -14.03  6.22  2.15 996710026  1.00  0.40 
  483  -3.84 -14.00  6.19  2.18 9980 9859  1.00  0.40 
  484  -3.81 -13.95  6.16  2.20 998010009  1.00  0.40 
  485  -3.82 -13.91  6.14  2.21 9934 9874  1.00  0.40 
  486  -3.78 -13.87  6.17  2.211018610087  1.00  0.40 
  487  -3.71 -13.86  6.17  2.22 995110029  1.00  0.40 
  488  -3.65 -13.81  6.17  2.22 998910066  1.00  0.40 
  489  -3.62 -13.77  6.17  2.24 9855 9981  1.00  0.40 
  490  -3.55 -13.73  6.16  2.25 9682 9850  1.00  0.40 
  491  -3.56 -13.65  6.19  2.2710025 9998  1.00  0.40 
  492  -3.55 -13.56  6.19  2.31 996210016  1.00  0.40 
  493  -3.49 -13.47  6.16  2.34 9947 9946  1.00  0.40 
  494  -3.51 -13.39  6.18  2.361002410015  1.00  0.40 
  495  -3.45 -13.33  6.21  2.40 9972 9998  1.00  0.40 
  496  -3.43 -13.26  6.21  2.40 9907 9954  1.00  0.40 
  497  -3.39 -13.15  6.24  2.43 9955 9852  1.00  0.40 
  498  -3.38 -13.03  6.27  2.4610139 9947  1.00  0.40 
  499  -3.36 -12.95  6.30  2.491001810129  1.00  0.40 
  500  -3.35 -12.91  6.30  2.511012510085  1.00  0.40 
  501  -3.31 -12.78  6.29  2.5410004 9997  1.00  0.40 
  502  -3.30 -12.71  6.29  2.55 9859 9971  1.00  0.40 
  503  -3.28 -12.67  6.30  2.57 999310000  1.00  0.40 
  504  -3.28 -12.58  6.30  2.60 998110031  1.00  0.40 
  505  -3.25 -12.45  6.28  2.63 995310049  1.00  0.40 
  506  -3.22 -12.27  6.32  2.68 9999 9898  1.00  0.40 
  507  -3.19 -12.13  6.33  2.72 992610044  1.00  0.40 
  508  -3.17 -12.04  6.35  2.741006910028  1.00  0.40 
  509  -3.15 -11.88  6.35  2.7810031 9899  1.00  0.40 
  510  -3.13 -11.79  6.34  2.8010033 9902  1.00  0.40 
  511  -3.12 -11.65  6.33  2.841002110042  1.00  0.40 
  512  -3.13 -11.53  6.34  2.871006010042  1.00  0.40 
  513  -3.11 -11.38  6.35  2.891010010062  1.00  0.40 
  514  -3.09 -11.19  6.38  2.9410076 9875  1.00  0.40 
  515  -3.09 -11.03  6.37  2.96 9997 9949  1.00  0.40 
  516  -3.05 -10.79  6.38  2.98 999810001  1.00  0.40 
  517  -3.04 -10.58  6.37  3.03 997210043  1.00  0.40 
  518  -3.02 -10.31  6.37  3.081001110073  1.00  0.40 
  519  -3.00 -10.08  6.40  3.10 990910064  1.00  0.40 
  520  -3.00  -9.71  6.41  3.141005710019  1.00  0.40 
  521  -3.00  -9.34  6.46  3.191007410032  1.00  0.40 
  522  -2.95  -8.91  6.44  3.221005910017  1.00  0.40 
  523  -2.95  -8.46  6.42  3.27 994710053  1.00  0.40 
  524  -2.97  -8.01  6.45  3.3110036 9961  1.00  0.40 
  525  -2.93  -7.48  6.46  3.34 9921 9962  1.00  0.40 
  526  -2.92  -6.98  6.45  3.371000810019  1.00  0.40 
  527  -2.92  -6.54  6.48  3.40 9982 9992  1.00  0.40 
  528  -2.91  -6.03  6.49  3.43 992010056  1.00  0.40 
  529  -2.88  -5.64  6.54  3.421003410034  1.00  0.40 
  530  -2.89  -5.23  6.57  3.431003510011  1.00  0.40 
  531  -2.90  -4.90  6.61  3.43 997810027  1.00  0.40 
  532  -2.91  -4.58  6.64  3.4310075 9866  1.00  0.40 
  533  -2.94  -4.33  6.71  3.41 9882 9817  1.00  0.40 
  534  -2.98  -3.97  6.75  3.39 994210007  1.00  0.40 
  535  -2.99  -3.76  6.79  3.39 986510037  1.00  0.40 
  536  -3.03  -3.66  6.85  3.39 998910048  1.00  0.40 
  537  -3.09  -3.52  6.90  3.3810034 9926  1.00  0.40 
  538  -3.12  -3.34  6.95  3.38 993910000  1.00  0.40 
  539  -3.16  -3.26  7.01  3.361000610006  1.00  0.40 
  540  -3.23  -3.14  7.06  3.35 9903 9922  1.00  0.40 
  541  -3.26  -3.09  7.10  3.361001310083  1.00  0.40 
  542  -3.35  -3.04  7.16  3.361005310047  1.00  0.40 
  543  -3.45  -2.97  7.21  3.35 9890 9953  1.00  0.40 
  544  -3.57  -2.82  7.28  3.3510034 9845  1.00  0.40 
  545  -3.71  -2.89  7.34  3.3510001 9992  1.00  0.40 
  546  -3.84  -2.86  7.40  3.341004610020  1.00  0.40 
  547  -4.03  -2.83  7.47  3.3410000 9956  1.00  0.40 
  548  -4.24  -2.73  7.55  3.32 9982 9938  1.00  0.40 
  549  -4.45  -2.70  7.61  3.31 9904 9951  1.00  0.40 
  550  -4.68  -2.61  7.68  3.301001210041  1.00  0.40 
  551  -4.91  -2.60  7.75  3.29 9835 9992  1.00  0.40 
  552  -5.14  -2.56  7.79  3.271011510002  1.00  0.40 
  553  -5.40  -2.50  7.84  3.26 997610081  1.00  0.40 
  554  -5.63  -2.50  7.90  3.25 9914 9944  1.00  0.40 
  555  -5.91  -2.43  7.92  3.231014110005  1.00  0.40 
  556  -6.17  -2.32  7.96  3.2310004 9967  1.00  0.40 
  557  -6.45  -2.37  7.99  3.2310097 9920  1.00  0.40 
  558  -6.68  -2.34  8.02  3.21 9885 9955  1.00  0.40 
  559  -7.02  -2.32  8.08  3.21 998210020  1.00  0.40 
  560  -7.31  -2.32  8.10  3.21 994910103  1.00  0.40 
  561  -7.60  -2.27  8.14  3.21 9927 9934  1.00  0.40 
  562  -7.89  -2.24  8.15  3.21 9908 9925  1.00  0.40 
  563  -8.15  -2.26  8.17  3.20 996210057  1.00  0.40 
  564  -8.35  -2.26  8.19  3.20 9871 9972  1.00  0.40 
  565  -8.65  -2.25  8.21  3.201006110021  1.00  0.40 
  566  -8.84  -2.32  8.22  3.19 9893 9943  1.00  0.40 
  567  -8.98  -2.33  8.23  3.18 985910046  1.00  0.40 
  568  -9.17  -2.25  8.24  3.1810028 9991  1.00  0.40 
  569  -9.33  -2.32  8.28  3.1810114 9959  1.00  0.40 
  570  -9.52  -2.31  8.31  3.1810032 9944  1.00  0.40 
  571  -9.73  -2.37  8.33  3.1910036 9952  1.00  0.40 
  572  -9.94  -2.36  8.35  3.19 9964 9897  1.00  0.40 
  573 -10.08  -2.30  8.35  3.1910217 9934  1.00  0.40 
  574 -10.23  -2.34  8.38  3.1910070 9859  1.00  0.40 
  575 -10.39  -2.37  8.40  3.181004310075  1.00  0.40 
  576 -10.47  -2.39  8.42  3.181005910045  1.00  0.40 
  577 -10.50  -2.46  8.45  3.18 996510048  1.00  0.40 
  578 -10.71  -2.44  8.47  3.19 992810013  1.00  0.40 
  579 -10.83  -2.52  8.49  3.19 999310038  1.00  0.40 
  580 -10.89  -2.60  8.51  3.18 992010038  1.00  0.40 
  581 -10.93  -2.68  8.51  3.181007510122  1.00  0.40 
  582 -11.08  -2.77  8.53  3.19 998110016  1.00  0.40 
  583 -11.18  -2.86  8.54  3.1710061 9937  1.00  0.40 
  584 -11.28  -2.90  8.54  3.171006810007  1.00  0.40 
  585 -11.36  -2.89  8.55  3.1710050 9959  1.00  0.40 
  586 -11.51  -2.90  8.53  3.171001110064  1.00  0.40 
  587 -11.75  -2.94  8.48  3.171010510054  1.00  0.40 
  588 -11.78  -2.92  8.49  3.181001910030  1.00  0.40 
  589 -11.91  -3.02  8.49  3.181008310078  1.00  0.40 
  590 -11.93  -3.05  8.50  3.1710032 9993  1.00  0.40 
  591 -11.98  -3.19  8.49  3.17 9952 9948  1.00  0.40 
  592 -12.10  -3.21  8.45  3.16 9983 9993  1.00  0.40 
  593 -12.22  -3.26  8.46  3.16 9938 9934  1.00  0.40 
  594 -12.28  -3.29  8.45  3.16 9909 9936  1.00  0.40 
  595 -12.33  -3.31  8.49  3.151008010083  1.00  0.40 
  596 -12.42  -3.32  8.54  3.16 9906 9940  1.00  0.40 
  597 -12.50  -3.34  8.55  3.1710036 9954  1.00  0.40 
  598 -12.59  -3.37  8.55  3.171003410135  1.00  0.40 
  599 -12.73  -3.42  8.55  3.171021810051  1.00  0.40 
  600 -12.75  -3.41  8.58  3.1710014 9912  1.00  0.40 
  601 -12.85  -3.50  8.56  3.17 990710060  1.00  0.40 
  602 -12.98  -3.56  8.54  3.161003410006  1.00  0.40 
  603 -13.04  -3.59  8.53  3.161006210013  1.00  0.40 
  604 -13.16  -3.65  8.50  3.1610044 9939  1.00  0.40 
  605 -13.27  -3.61  8.48  3.14 9986 9960  1.00  0.40 
  606 -13.30  -3.55  8.48  3.151002810088  1.00  0.40 
  607 -13.49  -3.59  8.48  3.141002510105  1.00  0.40 
  608 -13.59  -3.65  8.47  3.13 995710065  1.00  0.40 
  609 -13.70  -3.73  8.45  3.1310061 9923  1.00  0.40 
  610 -13.80  -3.78  8.46  3.13 9975 9946  1.00  0.40 
  611 -13.90  -3.81  8.47  3.131005110007  1.00  0.40 
  612 -13.95  -3.82  8.47  3.121008210067  1.00  0.40 
  613 -14.16  -3.79  8.46  3.12 9998 9990  1.00  0.40 
  614 -14.26  -3.75  8.47  3.1310021 9914  1.00  0.40 
  615 -14.34  -3.85  8.45  3.12 9954 9972  1.00  0.40 
  616 -14.45  -3.86  8.45  3.11 9870 9982  1.00  0.40 
  617 -14.71  -3.83  8.43  3.091002810091  1.00  0.40 
  618 -14.90  -3.80  8.39  3.08 999010096  1.00  0.40 
  619 -15.00  -3.80  8.40  3.071021010065  1.00  0.40 
  620 -15.13  -3.80  8.36  3.06 997210048  1.00  0.40 
  621 -15.32  -3.83  8.36  3.06 993410019  1.00  0.40 
  622 -15.42  -3.82  8.36  3.061001810003  1.00  0.40 
  623 -15.66  -3.75  8.31  3.051020210040  1.00  0.40 
  624 -15.69  -3.74  8.31  3.041003410029  1.00  0.40 
  625 -15.89  -3.72  8.30  3.041004110073  1.00  0.40 
  626 -16.08  -3.71  8.28  3.04 994310038  1.00  0.40 
  627 -16.20  -3.65  8.29  3.0410150 9978  1.00  0.40 
  628 -16.30  -3.68  8.27  3.031008010008  1.00  0.40 
  629 -16.30  -3.64  8.30  3.03 987810039  1.00  0.40 
  630 -16.47  -3.68  8.24  3.031009910046  1.00  0.40 
  631 -16.60  -3.75  8.22  3.02 9971 9994  1.00  0.40 
  632 -16.65  -3.71  8.21  3.021012610085  1.00  0.40 
  633 -16.67  -3.68  8.20  3.01 9832 9951  1.00  0.40 
  634 -16.73  -3.65  8.19  3.011008310042  1.00  0.40 
  635 -16.75  -3.70  8.20  2.99 998910100  1.00  0.40 
  636 -16.91  -3.72  8.18  2.9710055 9859  1.00  0.40 
  637 -16.96  -3.69  8.18  2.971004910106  1.00  0.40 
  638 -17.05  -3.70  8.19  2.9610084 9931  1.00  0.40 
  639 -17.13  -3.73  8.18  2.9710027 9922  1.00  0.40 
  640 -17.17  -3.69  8.18  2.981005310114  1.00  0.40 
  641 -17.28  -3.62  8.16  2.9810049 9977  1.00  0.40 
  642 -17.37  -3.60  8.15  2.97 999710028  1.00  0.40 
  643 -17.47  -3.65  8.12  2.971004810124  1.00  0.40 
  644 -17.66  -3.65  8.06  2.9810083 9842  1.00  0.40 
  645 -17.73  -3.63  8.04  2.9810033 9966  1.00  0.40 
  646 -17.70  -3.70  8.07  2.98 997810093  1.00  0.40 
  647 -17.80  -3.78  8.04  2.97 9899 9996  1.00  0.40 
  648 -17.87  -3.76  8.04  2.98 9995 9910  1.00  0.40 
  649 -17.93  -3.76  8.01  2.98 9990 9925  1.00  0.40 
  650 -17.94  -3.72  7.99  2.991000210021  1.00  0.40 
  651 -18.02  -3.68  7.98  2.9910121 9858  1.00  0.40 
  652 -18.02  -3.69  7.99  2.98 990710047  1.00  0.40 
  653 -18.06  -3.69  7.99  2.98 9931 9977  1.00  0.40 
  654 -18.08  -3.69  7.99  2.98 987610020  1.00  0.40 
  655 -18.13  -3.66  7.98  2.97 994010125  1.00  0.40 
  656 -18.13  -3.74  7.95  2.96 991310011  1.00  0.40 
  657 -18.11  -3.72  7.94  2.971002610019  1.00  0.40 
  658 -18.16  -3.76  7.93  2.97 997810024  1.00  0.40 
  659 -18.19  -3.82  7.93  2.9510000 9954  1.00  0.40 
  660 -18.24  -3.91  7.89  2.9410117 9999  1.00  0.40 
  661 -18.28  -3.91  7.87  2.9410007 9921  1.00  0.40 
  662 -18.33  -3.90  7.86  2.971011210210  1.00  0.40 
  663 -18.41  -3.97  7.83  2.97 993410028  1.00  0.40 
  664 -18.45  -4.03  7.81  2.96 984110041  1.00  0.40 
  665 -18.49  -4.02  7.80  2.96 985810058  1.00  0.40 
  666 -18.49  -3.98  7.80  2.97 9936 9882  1.00  0.40 
  667 -18.53  -4.06  7.79  2.98 988810117  1.00  0.40 
  668 -18.57  -4.13  7.78  2.99 996910057  1.00  0.40 
  669 -18.63  -4.24  7.76  2.99 9791 9924  1.00  0.40 
  670 -18.67  -4.34  7.75  2.99 999810030  1.00  0.40 
  671 -18.69  -4.41  7.74  3.001008010093  1.00  0.40 
  672 -18.66  -4.51  7.75  3.01 9930 9969  1.00  0.40 
  673 -18.67  -4.69  7.75  3.0210035 9976  1.00  0.40 
  674 -18.71  -4.85  7.74  3.04 999710144  1.00  0.40 
  675 -18.71  -4.98  7.76  3.051000210017  1.00  0.40 
  676 -18.75  -5.13  7.78  3.051002010125  1.00  0.40 
  677 -18.73  -5.28  7.78  3.0610165 9962  1.00  0.40 
  678 -18.76  -5.39  7.79  3.101003410000  1.00  0.40 
  679 -18.78  -5.60  7.78  3.11 9904 9999  1.00  0.40 
  680 -18.84  -5.83  7.78  3.12 995310043  1.00  0.40 
  681 -18.85  -6.06  7.77  3.151001610015  1.00  0.40 
  682 -18.83  -6.35  7.78  3.19 995510069  1.00  0.40 
  683 -18.86  -6.62  7.78  3.23 9953 9993  1.00  0.40 
  684 -18.86  -6.89  7.78  3.2710013 9920  1.00  0.40 
  685 -18.83  -7.18  7.80  3.3010118 9993  1.00  0.40 
  686 -18.84  -7.55  7.79  3.3310095 9929  1.00  0.40 
  687 -18.86  -7.99  7.78  3.35 9889 9971  1.00  0.40 
  688 -18.88  -8.38  7.77  3.36 996210000  1.00  0.40 
  689 -18.88  -8.93  7.76  3.37 997110121  1.00  0.40 
  690 -18.90  -9.57  7.77  3.3610079 9997  1.00  0.40 
  691 -18.91 -10.01  7.78  3.36 9916 9980  1.00  0.40 
  692 -18.92 -10.53  7.76  3.371000310059  1.00  0.40 
  693 -18.94 -11.19  7.75  3.3410024 9991  1.00  0.40 
  694 -18.95 -11.90  7.76  3.2910115 9935  1.00  0.40 
  695 -18.96 -12.61  7.77  3.23 9979 9895  1.00  0.40 
  696 -18.98 -13.33  7.77  3.15 9848 9821  1.00  0.40 
  697 -18.99 -14.03  7.80  3.06 9926 9918  1.00  0.40 
  698 -18.99 -14.61  7.83  2.9710056 9997  1.00  0.40 
  699 -19.04 -15.09  7.84  2.901005310026  1.00  0.40 
  700 -19.02 -15.59  7.86  2.821015410006  1.00  0.40 
  701 -19.08 -16.16  7.87  2.721007110034  1.00  0.40 
  702 -19.10 -16.54  7.89  2.641003010016  1.00  0.40 
  703 -19.07 -16.98  7.92  2.55 994610055  1.00  0.40 
  704 -19.09 -17.37  7.93  2.4810047 9961  1.00  0.40 
  705 -19.08 -17.61  7.95  2.44 9927 9961  1.00  0.40 
  706 -19.09 -17.79  7.96  2.41 981310132  1.00  0.40 
  707 -19.05 -18.08  8.00  2.35 9940 9968  1.00  0.40 
  708 -18.99 -18.25  8.03  2.321006810097  1.00  0.40 
  709 -18.92 -18.39  8.07  2.30 991010093  1.00  0.40 
  710 -18.83 -18.53  8.13  2.29 994610002  1.00  0.40 
  711 -18.82 -18.69  8.15  2.271003910013  1.00  0.40 
  712 -18.79 -18.74  8.17  2.271015510076  1.00  0.40 
  713 -18.70 -18.86  8.23  2.281005510001  1.00  0.40 
  714 -18.61 -18.91  8.30  2.2910001 9931  1.00  0.40 
  715 -18.53 -19.02  8.33  2.30 994010063  1.00  0.40 
  716 -18.47 -19.12  8.36  2.30 996710047  1.00  0.40 
  717 -18.40 -19.19  8.42  2.31 9930 9964  1.00  0.40 
  718 -18.31 -19.21  8.47  2.3610064 9910  1.00  0.40 
  719 -18.15 -19.26  8.55  2.37 9919 9957  1.00  0.40 
  720 -17.99 -19.29  8.63  2.4010060 9887  1.00  0.40 
  721 -17.91 -19.38  8.67  2.41 987210055  1.00  0.40 
  722 -17.80 -19.41  8.72  2.4510140 9980  1.00  0.40 
  723 -17.57 -19.42  8.81  2.48 9911 9969  1.00  0.40 
  724 -17.28 -19.37  8.92  2.52 9932 9942  1.00  0.40 
  725 -17.11 -19.36  9.02  2.57 994810117  1.00  0.40 
  726 -16.92 -19.39  9.09  2.59 998110064  1.00  0.40 
  727 -16.67 -19.43  9.16  2.6110059 9943  1.00  0.40 
  728 -16.41 -19.44  9.27  2.6410004 9975  1.00  0.40 
  729 -16.16 -19.47  9.36  2.671000210045  1.00  0.40 
  730 -15.98 -19.51  9.46  2.671009710059  1.00  0.40 
  731 -15.72 -19.55  9.52  2.69 9910 9870  1.00  0.40 
  732 -15.43 -19.52  9.60  2.7110022 9985  1.00  0.40 
  733 -15.10 -19.53  9.69  2.741002210073  1.00  0.40 
  734 -14.72 -19.48  9.79  2.75 986710156  1.00  0.40 
  735 -14.34 -19.50  9.89  2.771010110011  1.00  0.40 
  736 -13.74 -19.53 10.00  2.78 9981 9841  1.00  0.40 
  737 -13.28 -19.54 10.09  2.80 989210005  1.00  0.40 
  738 -12.66 -19.53 10.19  2.80 995710106  1.00  0.40 
  739 -12.19 -19.50 10.24  2.811002410046  1.00  0.40 
  740 -11.87 -19.47 10.30  2.831009010009  1.00  0.40 
  741 -11.50 -19.47 10.37  2.85 987610003  1.00  0.40 
  742 -11.13 -19.47 10.42  2.87 9921 9865  1.00  0.40 
  743 -10.62 -19.47 10.48  2.881009210069  1.00  0.40 
  744 -10.15 -19.41 10.53  2.881004510043  1.00  0.40 
  745  -9.54 -19.44 10.59  2.891008210016  1.00  0.40 
  746  -9.04 -19.41 10.62  2.89 9959 9965  1.00  0.40 
  747  -8.50 -19.40 10.62  2.90 9924 9964  1.00  0.40 
  748  -7.90 -19.38 10.63  2.9110081 9887  1.00  0.40 
  749  -7.43 -19.38 10.64  2.931011510074  1.00  0.40 
  750  -7.17 -19.33 10.68  2.92 994610110  1.00  0.40 
  751  -6.81 -19.34 10.69  2.92 989810025  1.00  0.40 
  752  -6.31 -19.33 10.69  2.94 997510030  1.00  0.40 
  753  -5.88 -19.35 10.69  2.941004810039  1.00  0.40 
  754  -5.40 -19.35 10.66  2.94 9859 9978  1.00  0.40 
  755  -5.00 -19.38 10.65  2.93 994810042  1.00  0.40 
  756  -4.61 -19.38 10.63  2.93 9973 9957  1.00  0.40 
  757  -4.11 -19.36 10.60  2.94 9956 9930  1.00  0.40 
  758  -3.56 -19.39 10.57  2.93 992810032  1.00  0.40 
  759  -3.15 -19.38 10.53  2.94 988810117  1.00  0.40 
  760  -2.83 -19.38 10.49  2.921003610045  1.00  0.40 
  761  -2.50 -19.39 10.45  2.9410070 9937  1.00  0.40 
  762  -2.13 -19.41 10.41  2.96 9951 9947  1.00  0.40 
  763  -1.83 -19.40 10.37  2.961000610007  1.00  0.40 
  764  -1.53 -19.41 10.31  2.961006310096  1.00  0.40 
  765  -1.34 -19.39 10.28  2.97 9880 9929  1.00  0.40 
  766  -1.11 -19.36 10.24  2.96 9884 9982  1.00  0.40 
  767  -0.87 -19.33 10.21  2.95 996910115  1.00  0.40 
  768  -0.75 -19.31 10.20  2.9610002 9986  1.00  0.40 
  769  -0.54 -19.30 10.18  2.961006510032  1.00  0.40 
  770  -0.40 -19.23 10.16  2.9710040 9987  1.00  0.40 
  771  -0.28 -19.19 10.13  2.97 998510032  1.00  0.40 
  772  -0.10 -19.19 10.10  2.98 9938 9970  1.00  0.40 
  773   0.09 -19.15 10.09  2.98 9899 9949  1.00  0.40 
  774   0.23 -19.12 10.05  2.9710082 9968  1.00  0.40 
  775   0.32 -19.11 10.02  2.98 9960 9878  1.00  0.40 
  776   0.39 -19.12 10.01  2.9710007 9925  1.00  0.40 
  777   0.40 -19.10 10.02  2.961008510055  1.00  0.40 
  778   0.45 -19.12 10.04  2.97 9818 9965  1.00  0.40 
  779   0.58 -19.09 10.01  2.98 983110021  1.00  0.40 
  780   0.73 -19.08  9.97  2.991015210036  1.00  0.40 
  781   0.81 -19.12  9.97  2.99 9890 9937  1.00  0.40 
  782   0.85 -19.09  9.98  2.9910100 9984  1.00  0.40 
  783   0.98 -19.09  9.94  3.00 9877 9988  1.00  0.40 
  784   1.08 -19.09  9.95  3.00 999910054  1.00  0.40 
  785   1.23 -19.09  9.92  3.00 9920 9913  1.00  0.40 
  786   1.27 -19.10  9.92  3.00 979110017  1.00  0.40 
  787   1.35 -19.05  9.95  3.001000210063  1.00  0.40 
  788   1.40 -19.06  9.96  3.001004510084  1.00  0.40 
  789   1.46 -19.06  9.97  3.01 9972 9889  1.00  0.40 
  790   1.47 -19.08  9.95  3.011003010074  1.00  0.40 
  791   1.45 -19.10  9.94  3.01 9904 9945  1.00  0.40 
  792   1.51 -19.13  9.93  3.01 997310052  1.00  0.40 
  793   1.52 -19.14  9.93  3.011006910005  1.00  0.40 
  794   1.52 -19.15  9.93  3.0210058 9872  1.00  0.40 
  795   1.66 -19.15  9.92  3.031007610062  1.00  0.40 
  796   1.71 -19.14  9.90  3.02 9936 9972  1.00  0.40 
  797   1.66 -19.19  9.89  3.031004610088  1.00  0.40 
  798   1.67 -19.23  9.89  3.01 994710069  1.00  0.40 
  799   1.71 -19.22  9.90  3.011015310100  1.00  0.40 
  800   1.66 -19.21  9.90  3.01 9971 9957  1.00  0.40 
  801   1.66 -19.22  9.91  3.01 9978 9965  1.00  0.40 
  802   1.65 -19.21  9.93  3.02 997810000  1.00  0.40 
  803   1.67 -19.26  9.92  3.02 991610033  1.00  0.40 
  804   1.65 -19.29  9.92  3.02 9987 9960  1.00  0.40 
  805   1.58 -19.31  9.89  3.02 997110065  1.00  0.40 
  806   1.67 -19.32  9.90  3.031004510014  1.00  0.40 
  807   1.70 -19.28  9.88  3.0210134 9932  1.00  0.40 
  808   1.73 -19.24  9.90  3.02 9927 9999  1.00  0.40 
  809   1.74 -19.25  9.90  3.02 9950 9787  1.00  0.40 
  810   1.75 -19.21  9.88  3.01 9916 9952  1.00  0.40 
  811   1.79 -19.20  9.87  3.01 990210007  1.00  0.40 
  812   1.83 -19.15  9.89  3.01 999110005  1.00  0.40 
  813   1.84 -19.19  9.94  3.00 9967 9957  1.00  0.40 
  814   1.87 -19.24  9.93  3.00 9959 9931  1.00  0.40 
  815   1.85 -19.24  9.94  2.99 9963 9983  1.00  0.40 
  816   1.86 -19.23  9.96  2.9910144 9996  1.00  0.40 
  817   1.83 -19.20  9.98  2.99 9875 9985  1.00  0.40 
  818   1.88 -19.20  9.97  3.00 990310052  1.00  0.40 
  819   1.91 -19.24 10.01  3.01 9999 9960  1.00  0.40 
  820   1.92 -19.26 10.01  3.0110031 9955  1.00  0.40 
  821   1.90 -19.26 10.04  3.01 996610008  1.00  0.40 
  822   1.91 -19.26 10.05  3.011007410021  1.00  0.40 
  823   1.90 -19.23 10.06  3.02 991010013  1.00  0.40 
  824   1.95 -19.20 10.05  3.0210053 9870  1.00  0.40 
  825   1.98 -19.22 10.05  3.0110157 9951  1.00  0.40 
  826   1.92 -19.25 10.05  3.00 996610069  1.00  0.40 
  827   1.95 -19.22 10.04  3.01 9997 9997  1.00  0.40 
  828   1.89 -19.21 10.07  3.001012010098  1.00  0.40 
  829   1.88 -19.21 10.08  3.00 9973 9913  1.00  0.40 
  830   1.84 -19.24 10.07  3.00 994510001  1.00  0.40 
  831   1.82 -19.22 10.08  3.001006710020  1.00  0.40 
  832   1.80 -19.20 10.09  3.01 9873 9944  1.00  0.40 
  833   1.84 -19.19 10.09  3.021003610003  1.00  0.40 
  834   1.84 -19.16 10.08  3.0210021 9957  1.00  0.40 
  835   1.88 -19.14 10.09  3.041001710084  1.00  0.40 
  836   1.87 -19.11 10.10  3.051003710085  1.00  0.40 
  837   1.90 -19.09 10.09  3.0510045 9976  1.00  0.40 
  838   1.88 -19.11 10.12  3.03 9953 9924  1.00  0.40 
  839   1.88 -19.07 10.12  3.031011510071  1.00  0.40 
  840   1.89 -19.09 10.11  3.02 988310071  1.00  0.40 
  841   1.82 -19.06 10.11  3.02 999410037  1.00  0.40 
  842   1.86 -19.04 10.11  3.031015610038  1.00  0.40 
  843   1.84 -19.01 10.11  3.04 9989 9918  1.00  0.40 
  844   1.87 -19.03 10.14  3.03 989010006  1.00  0.40 
  845   1.88 -19.04 10.14  3.04 998910011  1.00  0.40 
  846   1.84 -19.05 10.13  3.061016510055  1.00  0.40 
  847   1.90 -19.07 10.15  3.0610045 9919  1.00  0.40 
  848   1.89 -19.09 10.13  3.0610056 9916  1.00  0.40 
  849   1.92 -19.10 10.12  3.06 995710157  1.00  0.40 
  850   1.97 -19.12 10.13  3.0710016 9982  1.00  0.40 
  851   2.00 -19.10 10.13  3.0810097 9992  1.00  0.40 
  852   1.98 -19.08 10.18  3.07 979910111  1.00  0.40 
  853   1.92 -19.07 10.18  3.09 9909 9944  1.00  0.40 
  854   1.95 -19.07 10.20  3.10 992610158  1.00  0.40 
  855   1.94 -19.09 10.20  3.091007310059  1.00  0.40 
  856   1.91 -19.09 10.20  3.1010040 9891  1.00  0.40 
  857   1.91 -19.04 10.20  3.1010037 9922  1.00  0.40 
  858   1.92 -19.02 10.23  3.101011410010  1.00  0.40 
  859   1.88 -19.08 10.23  3.111009310118  1.00  0.40 
  860   1.84 -19.08 10.25  3.11 9972 9920  1.00  0.40 
  861   1.83 -19.08 10.26  3.1210150 9991  1.00  0.40 
  862   1.82 -19.10 10.24  3.131015110005  1.00  0.40 
  863   1.84 -19.10 10.22  3.13 996810029  1.00  0.40 
  864   1.83 -19.10 10.25  3.1410113 9939  1.00  0.40 
  865   1.83 -19.07 10.27  3.151000610069  1.00  0.40 
  866   1.83 -19.04 10.27  3.16 984710143  1.00  0.40 
  867   1.76 -19.05 10.29  3.161000810002  1.00  0.40 
  868   1.75 -19.08 10.30  3.1610065 9953  1.00  0.40 
  869   1.74 -19.09 10.30  3.1610043 9996  1.00  0.40 
  870   1.76 -19.09 10.31  3.1710061 9961  1.00  0.40 
  871   1.73 -19.07 10.32  3.171000410101  1.00  0.40 
  872   1.67 -19.03 10.34  3.18 996410045  1.00  0.40 
  873   1.69 -19.01 10.32  3.181005210037  1.00  0.40 
  874   1.65 -19.01 10.29  3.181002210194  1.00  0.40 
  875   1.69 -18.98 10.31  3.19 9904 9959  1.00  0.40 
  876   1.71 -18.94 10.31  3.1810107 9990  1.00  0.40 
  877   1.74 -18.97 10.32  3.171010810011  1.00  0.40 
  878   1.73 -18.93 10.33  3.16 997110059  1.00  0.40 
  879   1.76 -18.92 10.34  3.16 9848 9979  1.00  0.40 
  880   1.72 -18.95 10.35  3.16 999210054  1.00  0.40 
  881   1.71 -18.92 10.38  3.1610073 9971  1.00  0.40 
  882   1.73 -18.94 10.38  3.16 9964 9932  1.00  0.40 
  883   1.74 -18.92 10.37  3.16 9948 9949  1.00  0.40 
  884   1.78 -18.91 10.40  3.17 996210043  1.00  0.40 
  885   1.83 -18.89 10.41  3.18 9885 9922  1.00  0.40 
  886   1.87 -18.88 10.41  3.1810062 9944  1.00  0.40 
  887   1.80 -18.89 10.42  3.19 998910134  1.00  0.40 
  888   1.79 -18.93 10.45  3.19 9874 9997  1.00  0.40 
  889   1.80 -18.92 10.45  3.191015110108  1.00  0.40 
  890   1.77 -18.91 10.46  3.21 9866 9895  1.00  0.40 
  891   1.77 -18.92 10.47  3.20 991210150  1.00  0.40 
  892   1.81 -18.95 10.50  3.21 9970 9981  1.00  0.40 
  893   1.87 -18.94 10.51  3.21 9975 9988  1.00  0.40 
  894   1.89 -18.94 10.51  3.211007410024  1.00  0.40 
  895   1.87 -19.00 10.52  3.21 993910092  1.00  0.40 
  896   1.89 -19.03 10.50  3.201004210024  1.00  0.40 
  897   1.87 -19.04 10.50  3.2010016 9935  1.00  0.40 
  898   1.83 -19.03 10.51  3.191004710035  1.00  0.40 
  899   1.80 -18.97 10.53  3.1810065 9990  1.00  0.40 
  900   1.78 -18.95 10.53  3.181008310019  1.00  0.40 
  901   1.79 -18.96 10.52  3.18 994110109  1.00  0.40 
  902   1.79 -18.96 10.54  3.191000810087  1.00  0.40 
  903   1.80 -18.96 10.57  3.1910088 9897  1.00  0.40 
  904   1.80 -18.99 10.59  3.1910032 9890  1.00  0.40 
  905   1.78 -18.95 10.57  3.1910034 9990  1.00  0.40 
  906   1.80 -18.99 10.53  3.19 9873 9973  1.00  0.40 
  907   1.75 -18.99 10.55  3.20 9977 9997  1.00  0.40 
  908   1.72 -18.97 10.57  3.191006610036  1.00  0.40 
  909   1.69 -18.96 10.54  3.19 9991 9997  1.00  0.40 
  910   1.67 -18.90 10.55  3.2010021 9962  1.00  0.40 
  911   1.69 -18.92 10.54  3.181010910077  1.00  0.40 
  912   1.69 -18.90 10.55  3.1910043 9893  1.00  0.40 
  913   1.72 -18.87 10.56  3.1910031 9923  1.00  0.40 
  914   1.77 -18.83 10.55  3.1910053 9930  1.00  0.40 
  915   1.74 -18.84 10.57  3.201001210075  1.00  0.40 
  916   1.73 -18.84 10.58  3.2010060 9971  1.00  0.40 
  917   1.73 -18.84 10.59  3.21 9903 9943  1.00  0.40 
  918   1.62 -18.86 10.59  3.211006410054  1.00  0.40 
  919   1.60 -18.86 10.59  3.20 997110048  1.00  0.40 
  920   1.56 -18.84 10.58  3.211011310006  1.00  0.40 
  921   1.66 -18.82 10.60  3.221001810013  1.00  0.40 
  922   1.67 -18.80 10.59  3.231003610027  1.00  0.40 
  923   1.67 -18.80 10.61  3.23 9911 9890  1.00  0.40 
  924   1.67 -18.80 10.64  3.23 996510049  1.00  0.40 
  925   1.72 -18.81 10.66  3.2310009 9939  1.00  0.40 
  926   1.76 -18.82 10.69  3.2210061 9964  1.00  0.40 
  927   1.71 -18.83 10.68  3.22 9944 9993  1.00  0.40 
  928   1.67 -18.84 10.69  3.22 996710092  1.00  0.40 
  929   1.68 -18.81 10.71  3.2110010 9944  1.00  0.40 
  930   1.63 -18.74 10.72  3.201002310039  1.00  0.40 
  931   1.56 -18.71 10.71  3.201002310035  1.00  0.40 
  932   1.50 -18.71 10.70  3.18 9966 9929  1.00  0.40 
  933   1.50 -18.72 10.72  3.1810120 9962  1.00  0.40 
  934   1.46 -18.70 10.71  3.17 996110033  1.00  0.40 
  935   1.46 -18.67 10.72  3.18 9862 9965  1.00  0.40 
  936   1.46 -18.67 10.74  3.161000410048  1.00  0.40 
  937   1.52 -18.65 10.77  3.1510073 9819  1.00  0.40 
  938   1.53 -18.70 10.78  3.151009710058  1.00  0.40 
  939   1.55 -18.70 10.78  3.14 9992 9891  1.00  0.40 
  940   1.55 -18.68 10.79  3.15 9999 9991  1.00  0.40 
  941   1.57 -18.62 10.82  3.15 9923 9931  1.00  0.40 
  942   1.53 -18.62 10.82  3.1310024 9854  1.00  0.40 
  943   1.52 -18.62 10.82  3.141007010077  1.00  0.40 
  944   1.60 -18.60 10.85  3.13 9982 9918  1.00  0.40 
  945   1.54 -18.55 10.87  3.151004210035  1.00  0.40 
  946   1.55 -18.54 10.85  3.1510088 9932  1.00  0.40 
  947   1.50 -18.55 10.83  3.131001310017  1.00  0.40 
  948   1.44 -18.54 10.84  3.131022210213  1.00  0.40 
  949   1.48 -18.58 10.86  3.12 999910025  1.00  0.40 
  950   1.46 -18.60 10.86  3.1110027 9967  1.00  0.40 
  951   1.43 -18.63 10.86  3.1110014 9943  1.00  0.40 
  952   1.46 -18.60 10.85  3.111000410021  1.00  0.40 
  953   1.43 -18.61 10.84  3.13 998410004  1.00  0.40 
  954   1.47 -18.58 10.88  3.141003810028  1.00  0.40 
  955   1.47 -18.59 10.88  3.14 990310033  1.00  0.40 
  956   1.51 -18.60 10.87  3.13 996010050  1.00  0.40 
  957   1.49 -18.58 10.88  3.121003210050  1.00  0.40 
  958   1.50 -18.57 10.88  3.111020410004  1.00  0.40 
  959   1.45 -18.58 10.87  3.12 992310050  1.00  0.40 
  960   1.45 -18.58 10.88  3.1310020 9958  1.00  0.40 
  961   1.44 -18.55 10.88  3.121016610026  1.00  0.40 
  962   1.49 -18.59 10.88  3.1110017 9968  1.00  0.40 
  963   1.54 -18.59 10.88  3.121002210022  1.00  0.40 
  964   1.55 -18.58 10.91  3.111007210012  1.00  0.40 
  965   1.62 -18.55 10.92  3.111012410053  1.00  0.40 
  966   1.60 -18.54 10.91  3.11 9988 9930  1.00  0.40 
  967   1.62 -18.55 10.90  3.1110026 9992  1.00  0.40 
  968   1.55 -18.53 10.88  3.121007510016  1.00  0.40 
  969   1.59 -18.51 10.90  3.121004110040  1.00  0.40 
  970   1.54 -18.53 10.90  3.12 994210067  1.00  0.40 
  971   1.56 -18.57 10.89  3.12 988310092  1.00  0.40 
  972   1.58 -18.59 10.91  3.12 9885 9958  1.00  0.40 
  973   1.60 -18.67 10.94  3.131010210006  1.00  0.40 
  974   1.61 -18.71 10.95  3.121004010004  1.00  0.40 
  975   1.57 -18.70 10.97  3.12 9924 9989  1.00  0.40 
  976   1.58 -18.67 10.99  3.1310017 9849  1.00  0.40 
  977   1.59 -18.67 11.01  3.13 995810038  1.00  0.40 
  978   1.57 -18.65 11.05  3.121003910133  1.00  0.40 
  979   1.56 -18.69 11.05  3.121002210004  1.00  0.40 
  980   1.60 -18.71 11.07  3.10 993110036  1.00  0.40 
  981   1.59 -18.71 11.10  3.11 995610007  1.00  0.40 
  982   1.63 -18.73 11.09  3.11 995010068  1.00  0.40 
  983   1.64 -18.70 11.11  3.13 9935 9941  1.00  0.40 
  984   1.61 -18.73 11.12  3.13 9953 9972  1.00  0.40 
  985   1.63 -18.73 11.13  3.14 995210019  1.00  0.40 
  986   1.64 -18.74 11.14  3.15 988410046  1.00  0.40 
  987   1.68 -18.74 11.11  3.151008710021  1.00  0.40 
  988   1.67 -18.75 11.10  3.15 9955 9926  1.00  0.40 
  989   1.69 -18.73 11.10  3.1510002 9835  1.00  0.40 
  990   1.67 -18.71 11.12  3.15 9892 9906  1.00  0.40 
  991   1.66 -18.71 11.13  3.151004710022  1.00  0.40 
  992   1.63 -18.72 11.14  3.1410069 9912  1.00  0.40 
  993   1.62 -18.74 11.12  3.1410004 9929  1.00  0.40 
  994   1.63 -18.79 11.14  3.14 9885 9962  1.00  0.40 
  995   1.66 -18.75 11.14  3.141004010090  1.00  0.40 
  996   1.67 -18.81 11.13  3.161001910032  1.00  0.40 
  997   1.63 -18.78 11.10  3.15 9832 9979  1.00  0.40 
  998   1.61 -18.79 11.12  3.141004610121  1.00  0.40 
  999   1.64 -18.77 11.11  3.1510029 9966  1.00  0.40 
 1000   1.70 -18.78 11.13  3.17 9886 9891  1.00  0.40 
 1001   1.72 -18.79 11.13  3.1810068 9981  1.00  0.40 
 1002   1.74 -18.81 11.13  3.17 993410056  1.00  0.40 
 1003   1.76 -18.82 11.13  3.17 991010090  1.00  0.40 
 1004   1.76 -18.81 11.12  3.18 993510030  1.00  0.40 
 1005   1.78 -18.83 11.14  3.181004610048  1.00  0.40 
 1006   1.76 -18.85 11.14  3.18 9832 9974  1.00  0.40 
 1007   1.78 -18.87 11.13  3.1710068 9877  1.00  0.40 
 1008   1.75 -18.85 11.12  3.17 9919 9895  1.00  0.40 
 1009   1.79 -18.83 11.14  3.1510039 9886  1.00  0.40 
 1010   1.81 -18.86 11.13  3.15 987010034  1.00  0.40 
 1011   1.86 -18.86 11.15  3.1610032 9922  1.00  0.40 
 1012   1.85 -18.91 11.14  3.1510026 9936  1.00  0.40 
 1013   1.86 -18.92 11.14  3.161005910001  1.00  0.40 
 1014   1.83 -18.97 11.14  3.17 998410021  1.00  0.40 
 1015   1.83 -18.96 11.14  3.1810048 9887  1.00  0.40 
 1016   1.83 -18.95 11.13  3.19 9959 9989  1.00  0.40 
 1017   1.76 -18.98 11.13  3.1810031 9873  1.00  0.40 
 1018   1.73 -18.95 11.14  3.17 9905 9990  1.00  0.40 
 1019   1.70 -18.96 11.16  3.141002510076  1.00  0.40 
 1020   1.70 -18.94 11.14  3.13 9969 9996  1.00  0.40 
 1021   1.75 -18.99 11.16  3.13 9986 9930  1.00  0.40 
 1022   1.85 -18.98 11.15  3.14 9921 9850  1.00  0.40 
 1023   1.83 -19.03 11.18  3.151010510080  1.00  0.40 
 1024   1.76 -19.01 11.18  3.151019910001  1.00  0.40 
 1025   1.71 -19.01 11.17  3.151000110016  1.00  0.40 
 1026   1.68 -19.07 11.18  3.1610040 9984  1.00  0.40 
 1027   1.67 -19.09 11.17  3.16 990310038  1.00  0.40 
 1028   1.64 -19.10 11.17  3.141000010037  1.00  0.40 
 1029   1.71 -19.10 11.17  3.1410100 9942  1.00  0.40 
 1030   1.75 -19.09 11.20  3.1510049 9925  1.00  0.40 
 1031   1.74 -19.14 11.19  3.15 9882 9927  1.00  0.40 
 1032   1.75 -19.13 11.19  3.14 9967 9963  1.00  0.40 
 1033   1.71 -19.18 11.20  3.14 991610069  1.00  0.40 
 1034   1.72 -19.19 11.19  3.13 990010032  1.00  0.40 
 1035   1.74 -19.19 11.22  3.1310042 9916  1.00  0.40 
 1036   1.77 -19.21 11.20  3.13 991310082  1.00  0.40 
 1037   1.73 -19.20 11.20  3.13 9936 9964  1.00  0.40 
 1038   1.70 -19.21 11.21  3.13 9848 9950  1.00  0.40 
 1039   1.72 -19.23 11.20  3.13 9967 9967  1.00  0.40 
 1040   1.76 -19.24 11.23  3.12 9956 9998  1.00  0.40 
 1041   1.74 -19.21 11.28  3.121011610079  1.00  0.40 
 1042   1.68 -19.22 11.25  3.12 996910016  1.00  0.40 
 1043   1.66 -19.25 11.24  3.1110000 9874  1.00  0.40 
 1044   1.66 -19.27 11.22  3.14 9896 9937  1.00  0.40 
 1045   1.63 -19.29 11.24  3.12 999810005  1.00  0.40 
 1046   1.65 -19.29 11.22  3.121003810032  1.00  0.40 
 1047   1.65 -19.24 11.22  3.1310051 9950  1.00  0.40 
 1048   1.67 -19.21 11.24  3.131021810041  1.00  0.40 
 1049   1.74 -19.23 11.25  3.12 9953 9972  1.00  0.40 
 1050   1.67 -19.16 11.26  3.1310009 9992  1.00  0.40 
 1051   1.64 -19.12 11.24  3.1410023 9908  1.00  0.40 
 1052   1.65 -19.11 11.25  3.141005410052  1.00  0.40 
 1053   1.63 -19.09 11.27  3.14 9807 9902  1.00  0.40 
 1054   1.62 -19.08 11.27  3.131011310006  1.00  0.40 
 1055   1.67 -19.09 11.27  3.12 993810000  1.00  0.40 
 1056   1.67 -19.12 11.26  3.13 9923 9847  1.00  0.40 
 1057   1.69 -19.08 11.29  3.1410057 9973  1.00  0.40 
 1058   1.70 -19.11 11.32  3.13 9921 9996  1.00  0.40 
 1059   1.72 -19.13 11.33  3.12 9924 9923  1.00  0.40 
 1060   1.77 -19.11 11.35  3.14 994210057  1.00  0.40 
 1061   1.72 -19.05 11.35  3.14 9970 9932  1.00  0.40 
 1062   1.77 -19.06 11.37  3.151012610044  1.00  0.40 
 1063   1.85 -19.04 11.38  3.15 9902 9983  1.00  0.40 
 1064   1.82 -19.05 11.40  3.16 996710067  1.00  0.40 
 1065   1.82 -19.06 11.41  3.1410016 9975  1.00  0.40 
 1066   1.81 -19.08 11.42  3.14 9909 9880  1.00  0.40 
 1067   1.81 -19.10 11.42  3.13 995710103  1.00  0.40 
 1068   1.81 -19.10 11.44  3.131004010060  1.00  0.40 
 1069   1.82 -19.13 11.47  3.14 9976 9890  1.00  0.40 
 1070   1.75 -19.14 11.50  3.1410010 9978  1.00  0.40 
 1071   1.75 -19.18 11.48  3.14 9926 9979  1.00  0.40 
 1072   1.76 -19.18 11.48  3.151007910028  1.00  0.40 
 1073   1.73 -19.16 11.44  3.15 987210020  1.00  0.40 
 1074   1.70 -19.17 11.45  3.16 993910054  1.00  0.40 
 1075   1.64 -19.19 11.44  3.16 9964 9958  1.00  0.40 
 1076   1.67 -19.22 11.48  3.1610039 9904  1.00  0.40 
 1077   1.66 -19.23 11.49  3.1710026 9926  1.00  0.40 
 1078   1.67 -19.23 11.52  3.141002410095  1.00  0.40 
 1079   1.68 -19.22 11.53  3.14 994510123  1.00  0.40 
 1080   1.74 -19.22 11.55  3.1410041 9861  1.00  0.40 
 1081   1.74 -19.19 11.56  3.14 9955 9791  1.00  0.40 
 1082   1.76 -19.19 11.59  3.1510007 9947  1.00  0.40 
 1083   1.83 -19.20 11.62  3.161002810025  1.00  0.40 
 1084   1.83 -19.21 11.67  3.161003310055  1.00  0.40 
 1085   1.90 -19.21 11.68  3.15 997110002  1.00  0.40 
 1086   1.83 -19.19 11.68  3.171004210042  1.00  0.40 
 1087   1.84 -19.23 11.69  3.16 9955 9936  1.00  0.40 
 1088   1.85 -19.21 11.69  3.17 9925 9911  1.00  0.40 
 1089   1.81 -19.16 11.70  3.18 9952 9975  1.00  0.40 
 1090   1.77 -19.18 11.69  3.171003810028  1.00  0.40 
 1091   1.76 -19.19 11.73  3.161000010079  1.00  0.40 
 1092   1.76 -19.18 11.75  3.17 998710171  1.00  0.40 
 1093   1.70 -19.17 11.80  3.1710093 9931  1.00  0.40 
 1094   1.70 -19.18 11.82  3.18 9920 9975  1.00  0.40 
 1095   1.76 -19.19 11.81  3.19 998810050  1.00  0.40 
 1096   1.79 -19.18 11.84  3.201015110020  1.00  0.40 
 1097   1.85 -19.16 11.87  3.201010410127  1.00  0.40 
 1098   1.81 -19.22 11.85  3.21 9968 9867  1.00  0.40 
 1099   1.82 -19.25 11.86  3.21 990210039  1.00  0.40 
 1100   1.79 -19.26 11.86  3.211006510019  1.00  0.40 
 1101   1.75 -19.27 11.89  3.22 985010095  1.00  0.40 
 1102   1.79 -19.29 11.91  3.23 991510007  1.00  0.40 
 1103   1.86 -19.26 11.93  3.22 9851 9987  1.00  0.40 
 1104   1.81 -19.28 11.92  3.23 992910005  1.00  0.40 
 1105   1.88 -19.25 11.92  3.23 998010073  1.00  0.40 
 1106   1.88 -19.27 11.92  3.2310066 9959  1.00  0.40 
 1107   1.83 -19.27 11.91  3.23 991210053  1.00  0.40 
 1108   1.80 -19.27 11.92  3.23 996510029  1.00  0.40 
 1109   1.88 -19.29 11.93  3.2010037 9987  1.00  0.40 
 1110   1.87 -19.28 11.93  3.22 986010063  1.00  0.40 
 1111   1.89 -19.26 11.94  3.23 996510034  1.00  0.40 
 1112   1.90 -19.25 11.96  3.23 9923 9987  1.00  0.40 
 1113   1.87 -19.26 11.95  3.23 990410042  1.00  0.40 
 1114   1.85 -19.29 11.94  3.24 992010035  1.00  0.40 
 1115   1.90 -19.32 11.94  3.2210089 9989  1.00  0.40 
 1116   1.89 -19.34 11.95  3.22 993410034  1.00  0.40 
 1117   1.87 -19.38 11.99  3.21 9928 9905  1.00  0.40 
 1118   1.88 -19.40 12.02  3.2210064 9970  1.00  0.40 
 1119   1.81 -19.40 12.02  3.23 9940 9966  1.00  0.40 
 1120   1.80 -19.42 12.01  3.2310044 9951  1.00  0.40 
 1121   1.79 -19.44 12.03  3.2310031 9948  1.00  0.40 
 1122   1.82 -19.45 12.02  3.22 9907 9951  1.00  0.40 
 1123   1.78 -19.45 12.04  3.211004410170  1.00  0.40 
 1124   1.80 -19.49 12.07  3.22 991010037  1.00  0.40 
 1125   1.79 -19.45 12.05  3.22 991410072  1.00  0.40 
 1126   1.79 -19.46 12.06  3.22 9858 9987  1.00  0.40 
 1127   1.80 -19.49 12.06  3.21 9918 9928  1.00  0.40 
 1128   1.73 -19.48 12.06  3.24 9992 9924  1.00  0.40 
 1129   1.73 -19.45 12.09  3.27 9832 9917  1.00  0.40 
 1130   1.76 -19.43 12.12  3.281005710003  1.00  0.40 
 1131   1.74 -19.42 12.12  3.291008610040  1.00  0.40 
 1132   1.70 -19.43 12.15  3.301004910057  1.00  0.40 
 1133   1.71 -19.41 12.15  3.301006010004  1.00  0.40 
 1134   1.71 -19.38 12.14  3.30 995510018  1.00  0.40 
 1135   1.69 -19.40 12.17  3.3010067 9987  1.00  0.40 
 1136   1.66 -19.40 12.18  3.2910059 9867  1.00  0.40 
 1137   1.69 -19.37 12.19  3.30 9883 9823  1.00  0.40 
 1138   1.71 -19.36 12.22  3.29 9919 9918  1.00  0.40 
 1139   1.65 -19.37 12.24  3.30 9929 9860  1.00  0.40 
 1140   1.63 -19.38 12.26  3.29 996810042  1.00  0.40 
 1141   1.65 -19.36 12.23  3.301018810014  1.00  0.40 
 1142   1.70 -19.37 12.25  3.3010082 9971  1.00  0.40 
 1143   1.69 -19.39 12.22  3.291003010033  1.00  0.40 
 1144   1.74 -19.41 12.24  3.29 9912 9875  1.00  0.40 
 1145   1.70 -19.42 12.23  3.28 9980 9898  1.00  0.40 
 1146   1.70 -19.43 12.24  3.29 9926 9886  1.00  0.40 
 1147   1.76 -19.43 12.29  3.31 997410024  1.00  0.40 
 1148   1.82 -19.43 12.31  3.33 9928 9932  1.00  0.40 
 1149   1.86 -19.44 12.32  3.32 997310036  1.00  0.40 
 1150   1.91 -19.41 12.36  3.32 9999 9839  1.00  0.40 
 1151   1.87 -19.43 12.34  3.321001210064  1.00  0.40 
 1152   1.89 -19.48 12.36  3.3210038 9968  1.00  0.40 
 1153   1.89 -19.52 12.40  3.33 995210093  1.00  0.40 
 1154   1.91 -19.52 12.40  3.331011510080  1.00  0.40 
 1155   1.85 -19.54 12.39  3.3310116 9973  1.00  0.40 
 1156   1.89 -19.58 12.44  3.331005610084  1.00  0.40 
 1157   2.00 -19.63 12.45  3.34 999410077  1.00  0.40 
 1158   2.00 -19.65 12.50  3.331008010080  1.00  0.40 
 1159   1.95 -19.65 12.50  3.36 9900 9954  1.00  0.40 
 1160   1.94 -19.68 12.49  3.36 996510070  1.00  0.40 
 1161   1.96 -19.69 12.49  3.351013210100  1.00  0.40 
 1162   1.93 -19.65 12.52  3.371004610181  1.00  0.40 
 1163   1.89 -19.64 12.55  3.371002810010  1.00  0.40 
 1164   1.82 -19.68 12.54  3.3810012 9861  1.00  0.40 
 1165   1.87 -19.67 12.53  3.3810078 9937  1.00  0.40 
 1166   1.86 -19.64 12.52  3.38 9991 9945  1.00  0.40 
 1167   1.94 -19.66 12.54  3.401005710016  1.00  0.40 
 1168   1.91 -19.64 12.52  3.40 9959 9989  1.00  0.40 
 1169   1.88 -19.62 12.59  3.4010030 9941  1.00  0.40 
 1170   1.90 -19.62 12.58  3.401000310017  1.00  0.40 
 1171   1.94 -19.61 12.55  3.40 9921 9993  1.00  0.40 
 1172   1.94 -19.62 12.56  3.41 9888 9885  1.00  0.40 
 1173   1.96 -19.60 12.59  3.4110105 9915  1.00  0.40 
 1174   1.92 -19.60 12.65  3.411012010067  1.00  0.40 
 1175   1.92 -19.61 12.63  3.42 9998 9939  1.00  0.40 
 1176   1.88 -19.63 12.64  3.431005710079  1.00  0.40 
 1177   1.93 -19.67 12.66  3.43 9910 9915  1.00  0.40 
 1178   1.91 -19.67 12.65  3.43 994810075  1.00  0.40 
 1179   1.90 -19.71 12.66  3.4210029 9885  1.00  0.40 
 1180   1.90 -19.73 12.67  3.421000610013  1.00  0.40 
 1181   1.82 -19.72 12.65  3.42 9853 9976  1.00  0.40 
 1182   1.85 -19.74 12.65  3.42 990410073  1.00  0.40 
 1183   1.88 -19.77 12.65  3.431003210032  1.00  0.40 
 1184   1.87 -19.78 12.64  3.44 9936 9954  1.00  0.40 
 1185   1.87 -19.77 12.66  3.43 9989 9968  1.00  0.40 
 1186   1.85 -19.76 12.66  3.43 994710047  1.00  0.40 
 1187   1.75 -19.77 12.67  3.4310125 9982  1.00  0.40 
 1188   1.70 -19.77 12.67  3.431000810052  1.00  0.40 
 1189   1.64 -19.78 12.65  3.42 9961 9917  1.00  0.40 
 1190   1.65 -19.77 12.66  3.421008310112  1.00  0.40 
 1191   1.67 -19.81 12.66  3.42 9914 9933  1.00  0.40 
 1192   1.59 -19.83 12.64  3.411003510074  1.00  0.40 
 1193   1.63 -19.90 12.65  3.401002810089  1.00  0.40 
 1194   1.65 -19.88 12.69  3.411005010006  1.00  0.40 
 1195   1.68 -19.93 12.74  3.40 9985 9972  1.00  0.40 
 1196   1.63 -19.97 12.76  3.401004310104  1.00  0.40 
 1197   1.66 -19.95 12.78  3.39 9922 9998  1.00  0.40 
 1198   1.60 -19.98 12.76  3.3910095 9928  1.00  0.40 
 1199   1.55 -19.98 12.78  3.38 983310057  1.00  0.40 
 1200   1.53 -19.98 12.79  3.39 9894 9948  1.00  0.40 
 1201   1.56 -20.00 12.79  3.381005110058  1.00  0.40 
 1202   1.57 -19.99 12.78  3.3810072 9987  1.00  0.40 
 1203   1.61 -19.97 12.76  3.38 996610012  1.00  0.40 
 1204   1.67 -19.98 12.78  3.38 986310098  1.00  0.40 
 1205   1.65 -20.01 12.77  3.37 995610134  1.00  0.40 
 1206   1.59 -20.04 12.78  3.38 9986 9922  1.00  0.40 
 1207   1.60 -20.06 12.79  3.361000610045  1.00  0.40 
 1208   1.55 -20.12 12.80  3.35 995810015  1.00  0.40 
 1209   1.55 -20.13 12.82  3.3410007 9915  1.00  0.40 
 1210   1.57 -20.11 12.84  3.341007510030  1.00  0.40 
 1211   1.45 -20.14 12.81  3.34 9967 9869  1.00  0.40 
 1212   1.43 -20.11 12.83  3.34 995110027  1.00  0.40 
 1213   1.39 -20.09 12.89  3.3510073 9993  1.00  0.40 
 1214   1.39 -20.08 12.88  3.341000910027  1.00  0.40 
 1215   1.36 -20.09 12.90  3.3410034 9995  1.00  0.40 
 1216   1.38 -20.07 12.92  3.351007010012  1.00  0.40 
 1217   1.40 -20.06 12.90  3.3610094 9949  1.00  0.40 
 1218   1.42 -20.02 12.90  3.3610049 9884  1.00  0.40 
 1219   1.42 -19.99 12.90  3.371001410003  1.00  0.40 
 1220   1.39 -19.96 12.94  3.38 9933 9982  1.00  0.40 
 1221   1.40 -19.97 12.96  3.38 9855 9983  1.00  0.40 
 1222   1.44 -19.96 12.94  3.3910055 9972  1.00  0.40 
 1223   1.45 -19.94 12.95  3.401001610010  1.00  0.40 
 1224   1.43 -19.93 12.95  3.4010046 9873  1.00  0.40 
 1225   1.42 -19.92 12.92  3.421014010051  1.00  0.40 
 1226   1.44 -19.95 12.92  3.41 9970 9977  1.00  0.40 
 1227   1.38 -19.93 12.90  3.43 9986 9907  1.00  0.40 
 1228   1.43 -19.89 12.89  3.4310020 9904  1.00  0.40 
 1229   1.43 -19.91 12.89  3.4210196 9998  1.00  0.40 
 1230   1.46 -19.90 12.88  3.41 9951 9932  1.00  0.40 
 1231   1.47 -19.86 12.87  3.4110046 9903  1.00  0.40 
 1232   1.48 -19.88 12.91  3.401000710045  1.00  0.40 
 1233   1.45 -19.88 12.86  3.42 999510020  1.00  0.40 
 1234   1.43 -19.81 12.86  3.43 993010058  1.00  0.40 
 1235   1.39 -19.82 12.90  3.44 990410008  1.00  0.40 
 1236   1.32 -19.85 12.91  3.4310064 9954  1.00  0.40 
 1237   1.26 -19.89 12.90  3.4010124 9968  1.00  0.40 
 1238   1.30 -19.91 12.90  3.39 992610090  1.00  0.40 
 1239   1.27 -19.92 12.88  3.3910033 9969  1.00  0.40 
 1240   1.31 -19.95 12.93  3.4110011 9989  1.00  0.40 
 1241   1.36 -19.96 12.92  3.41 9998 9948  1.00  0.40 
 1242   1.37 -19.92 12.92  3.411000110005  1.00  0.40 
 1243   1.42 -19.96 12.90  3.4210104 9823  1.00  0.40 
 1244   1.38 -19.93 12.90  3.41 9955 9839  1.00  0.40 
 1245   1.38 -19.92 12.88  3.42 9960 9912  1.00  0.40 
 1246   1.37 -19.92 12.86  3.41 9943 9924  1.00  0.40 
 1247   1.35 -19.91 12.85  3.421010310056  1.00  0.40 
 1248   1.39 -19.87 12.87  3.401007310119  1.00  0.40 
 1249   1.32 -19.82 12.85  3.401001910016  1.00  0.40 
 1250   1.28 -19.81 12.86  3.39 9954 9937  1.00  0.40 
 1251   1.34 -19.81 12.87  3.40 9982 9805  1.00  0.40 
 1252   1.31 -19.82 12.90  3.39 9974 9986  1.00  0.40 
 1253   1.29 -19.86 12.91  3.40 997010079  1.00  0.40 
 1254   1.22 -19.89 12.93  3.40 9995 9852  1.00  0.40 
 1255   1.15 -19.92 12.90  3.381007710021  1.00  0.40 
 1256   1.19 -19.90 12.92  3.38 9881 9948  1.00  0.40 
 1257   1.20 -19.93 12.93  3.38 993410046  1.00  0.40 
 1258   1.16 -19.93 12.96  3.40 990310089  1.00  0.40 
 1259   1.15 -19.94 12.98  3.40 996810040  1.00  0.40 
 1260   1.13 -19.91 13.01  3.4110033 9954  1.00  0.40 
 1261   1.11 -19.91 13.02  3.411004110053  1.00  0.40 
 1262   1.09 -19.88 12.97  3.421000910043  1.00  0.40 
 1263   1.06 -19.86 12.95  3.421000310058  1.00  0.40 
 1264   1.03 -19.89 12.98  3.41 993610059  1.00  0.40 
 1265   1.08 -19.90 12.95  3.41 9949 9963  1.00  0.40 
 1266   1.12 -19.90 12.93  3.4110100 9971  1.00  0.40 
 1267   1.17 -19.88 12.94  3.40 998410019  1.00  0.40 
 1268   1.21 -19.87 12.94  3.41 9895 9960  1.00  0.40 
 1269   1.26 -19.83 12.97  3.41 9853 9999  1.00  0.40 
 1270   1.22 -19.84 12.96  3.3910127 9856  1.00  0.40 
 1271   1.14 -19.87 12.97  3.41 998610051  1.00  0.40 
 1272   1.16 -19.87 12.97  3.4110116 9995  1.00  0.40 
 1273   1.19 -19.85 12.96  3.421007510021  1.00  0.40 
 1274   1.18 -19.83 12.94  3.4210017 9875  1.00  0.40 
 1275   1.19 -19.81 12.95  3.4210028 9987  1.00  0.40 
 1276   1.22 -19.82 12.99  3.421003310103  1.00  0.40 
 1277   1.18 -19.79 12.99  3.421002310033  1.00  0.40 
 1278   1.19 -19.78 12.96  3.4310010 9997  1.00  0.40 
 1279   1.29 -19.77 12.98  3.4210160 9991  1.00  0.40 
 1280   1.29 -19.79 12.97  3.42 992710024  1.00  0.40 
 1281   1.28 -19.80 12.96  3.42 9988 9972  1.00  0.40 
 1282   1.26 -19.82 12.92  3.43 990210062  1.00  0.40 
 1283   1.21 -19.81 12.89  3.44 982710076  1.00  0.40 
 1284   1.14 -19.78 12.88  3.4110025 9998  1.00  0.40 
 1285   1.09 -19.80 12.94  3.4110018 9961  1.00  0.40 
 1286   1.10 -19.80 12.97  3.4010030 9942  1.00  0.40 
 1287   1.12 -19.78 12.98  3.401003210062  1.00  0.40 
 1288   1.10 -19.79 13.00  3.41 9951 9993  1.00  0.40 
 1289   1.14 -19.77 12.99  3.411015810054  1.00  0.40 
 1290   1.16 -19.75 12.99  3.4010060 9972  1.00  0.40 
 1291   1.25 -19.77 12.99  3.42 9958 9985  1.00  0.40 
 1292   1.24 -19.74 13.00  3.43 9975 9959  1.00  0.40 
 1293   1.25 -19.75 13.01  3.421001710083  1.00  0.40 
 1294   1.28 -19.77 13.01  3.42 981210009  1.00  0.40 
 1295   1.24 -19.78 12.98  3.43 9965 9947  1.00  0.40 
 1296   1.27 -19.73 13.00  3.41 999710021  1.00  0.40 
 1297   1.31 -19.73 12.98  3.41 988610054  1.00  0.40 
 1298   1.29 -19.71 12.99  3.40 984610046  1.00  0.40 
 1299   1.34 -19.71 13.01  3.41 993010010  1.00  0.40 
 1300   1.29 -19.72 13.05  3.41 999610045  1.00  0.40 
 1301   1.30 -19.75 13.07  3.431000910023  1.00  0.40 
 1302   1.33 -19.74 13.07  3.4310055 9947  1.00  0.40 
 1303   1.33 -19.74 13.09  3.46 998010146  1.00  0.40 
 1304   1.31 -19.70 13.09  3.471003710029  1.00  0.40 
 1305   1.31 -19.70 13.10  3.48 994410050  1.00  0.40 
 1306   1.42 -19.65 13.11  3.48 989110018  1.00  0.40 
 1307   1.42 -19.67 13.08  3.50 991710031  1.00  0.40 
 1308   1.37 -19.68 13.08  3.51 998610074  1.00  0.40 
 1309   1.45 -19.68 13.12  3.531001110043  1.00  0.40 
 1310   1.52 -19.65 13.15  3.53 9898 9958  1.00  0.40 
 1311   1.50 -19.68 13.17  3.53 9961 9926  1.00  0.40 
 1312   1.50 -19.66 13.20  3.53 9948 9947  1.00  0.40 
 1313   1.52 -19.66 13.23  3.54 996210012  1.00  0.40 
 1314   1.48 -19.66 13.25  3.561011210021  1.00  0.40 
 1315   1.49 -19.70 13.27  3.5610108 9968  1.00  0.40 
 1316   1.53 -19.63 13.29  3.561007810062  1.00  0.40 
 1317   1.57 -19.60 13.31  3.5610003 9924  1.00  0.40 
 1318   1.62 -19.65 13.30  3.57 994310005  1.00  0.40 
 1319   1.59 -19.65 13.33  3.58 9871 9958  1.00  0.40 
 1320   1.65 -19.68 13.33  3.5810032 9988  1.00  0.40 
 1321   1.61 -19.69 13.35  3.57 991910102  1.00  0.40 
 1322   1.56 -19.68 13.36  3.55 991210015  1.00  0.40 
 1323   1.57 -19.69 13.36  3.55 9955 9980  1.00  0.40 
 1324   1.68 -19.67 13.38  3.5510002 9911  1.00  0.40 
 1325   1.69 -19.71 13.39  3.54 9995 9884  1.00  0.40 
 1326   1.64 -19.69 13.40  3.53 9981 9958  1.00  0.40 
 1327   1.61 -19.69 13.38  3.52 9972 9982  1.00  0.40 
 1328   1.67 -19.69 13.39  3.53 997010107  1.00  0.40 
 1329   1.73 -19.69 13.36  3.53 990810062  1.00  0.40 
 1330   1.69 -19.70 13.41  3.51 9836 9975  1.00  0.40 
 1331   1.67 -19.70 13.40  3.521007910003  1.00  0.40 
 1332   1.68 -19.70 13.40  3.5210080 9859  1.00  0.40 
 1333   1.65 -19.69 13.37  3.521006510043  1.00  0.40 
 1334   1.61 -19.67 13.34  3.52 999710057  1.00  0.40 
 1335   1.53 -19.74 13.39  3.53 997110020  1.00  0.40 
 1336   1.58 -19.71 13.42  3.54 9918 9956  1.00  0.40 
 1337   1.56 -19.70 13.48  3.54 989010020  1.00  0.40 
 1338   1.54 -19.70 13.48  3.5510005 9916  1.00  0.40 
 1339   1.61 -19.68 13.46  3.5610043 9958  1.00  0.40 
 1340   1.61 -19.64 13.50  3.55 993610005  1.00  0.40 
 1341   1.65 -19.61 13.52  3.55 991610089  1.00  0.40 
 1342   1.56 -19.59 13.53  3.54 9999 9968  1.00  0.40 
 1343   1.61 -19.58 13.55  3.53 988610028  1.00  0.40 
 1344   1.59 -19.57 13.56  3.55 9926 9884  1.00  0.40 
 1345   1.67 -19.61 13.55  3.5410004 9890  1.00  0.40 
 1346   1.66 -19.63 13.54  3.5310078 9981  1.00  0.40 
 1347   1.67 -19.65 13.55  3.53 997510081  1.00  0.40 
 1348   1.67 -19.70 13.55  3.531003310009  1.00  0.40 
 1349   1.70 -19.66 13.56  3.53 9993 9945  1.00  0.40 
 1350   1.73 -19.68 13.58  3.54 998910022  1.00  0.40 
 1351   1.70 -19.72 13.57  3.53 993610105  1.00  0.40 
 1352   1.72 -19.68 13.58  3.521010610049  1.00  0.40 
 1353   1.70 -19.70 13.58  3.5110078 9846  1.00  0.40 
 1354   1.68 -19.69 13.60  3.50 994110041  1.00  0.40 
 1355   1.70 -19.71 13.60  3.51 9867 9957  1.00  0.40 
 1356   1.65 -19.71 13.59  3.52 999710073  1.00  0.40 
 1357   1.65 -19.69 13.56  3.52 996010122  1.00  0.40 
 1358   1.63 -19.66 13.52  3.511011610075  1.00  0.40 
 1359   1.61 -19.66 13.53  3.51 9874 9996  1.00  0.40 
 1360   1.73 -19.64 13.57  3.50 9841 9978  1.00  0.40 
 1361   1.78 -19.67 13.56  3.49 9906 9934  1.00  0.40 
 1362   1.68 -19.63 13.59  3.49 995610016  1.00  0.40 
 1363   1.75 -19.64 13.61  3.491009010085  1.00  0.40 
 1364   1.76 -19.64 13.64  3.4810153 9908  1.00  0.40 
 1365   1.85 -19.61 13.65  3.4810057 9920  1.00  0.40 
 1366   1.80 -19.60 13.64  3.48 980910108  1.00  0.40 
 1367   1.85 -19.61 13.61  3.491006210077  1.00  0.40 
 1368   1.83 -19.59 13.61  3.501001410106  1.00  0.40 
 1369   1.87 -19.60 13.62  3.4910063 9942  1.00  0.40 
 1370   1.86 -19.57 13.61  3.50 9992 9927  1.00  0.40 
 1371   1.80 -19.50 13.64  3.521002110180  1.00  0.40 
 1372   1.80 -19.53 13.62  3.511007710103  1.00  0.40 
 1373   1.71 -19.54 13.64  3.4910051 9905  1.00  0.40 
 1374   1.70 -19.50 13.64  3.49 9902 9995  1.00  0.40 
 1375   1.70 -19.48 13.64  3.49 998810067  1.00  0.40 
 1376   1.64 -19.46 13.64  3.49 990510021  1.00  0.40 
 1377   1.69 -19.49 13.67  3.48 999110053  1.00  0.40 
 1378   1.69 -19.53 13.70  3.47 991310022  1.00  0.40 
 1379   1.70 -19.53 13.71  3.4510072 9839  1.00  0.40 
 1380   1.73 -19.52 13.69  3.44 9993 9918  1.00  0.40 
 1381   1.79 -19.51 13.69  3.461002810170  1.00  0.40 
 1382   1.78 -19.53 13.68  3.46 997910036  1.00  0.40 
 1383   1.79 -19.56 13.70  3.461012210064  1.00  0.40 
 1384   1.75 -19.58 13.68  3.451004710076  1.00  0.40 
 1385   1.69 -19.56 13.64  3.46 997210148  1.00  0.40 
 1386   1.71 -19.54 13.65  3.4610001 9949  1.00  0.40 
 1387   1.63 -19.57 13.64  3.451002010093  1.00  0.40 
 1388   1.60 -19.53 13.70  3.44 992410041  1.00  0.40 
 1389   1.54 -19.50 13.67  3.4410127 9850  1.00  0.40 
 1390   1.55 -19.53 13.69  3.441004210005  1.00  0.40 
 1391   1.41 -19.48 13.70  3.451002610002  1.00  0.40 
 1392   1.47 -19.49 13.70  3.441001610097  1.00  0.40 
 1393   1.50 -19.48 13.69  3.431002210065  1.00  0.40 
 1394   1.41 -19.45 13.67  3.451007710065  1.00  0.40 
 1395   1.43 -19.43 13.69  3.4710085 9954  1.00  0.40 
 1396   1.42 -19.47 13.72  3.46 997810038  1.00  0.40 
 1397   1.45 -19.48 13.70  3.47 992810150  1.00  0.40 
 1398   1.48 -19.49 13.70  3.471000510011  1.00  0.40 
 1399   1.57 -19.47 13.68  3.4810034 9945  1.00  0.40 
 1400   1.53 -19.45 13.65  3.49 9845 9919  1.00  0.40 
 1401   1.50 -19.43 13.64  3.50 995610070  1.00  0.40 
 1402   1.46 -19.41 13.61  3.5110016 9893  1.00  0.40 
 1403   1.49 -19.48 13.63  3.511009110014  1.00  0.40 
 1404   1.46 -19.44 13.63  3.51 997010075  1.00  0.40 
 1405   1.46 -19.41 13.63  3.52 997510010  1.00  0.40 
 1406   1.45 -19.40 13.67  3.5010022 9965  1.00  0.40 
 1407   1.44 -19.39 13.69  3.53 9895 9949  1.00  0.40 
 1408   1.45 -19.41 13.73  3.541003710136  1.00  0.40 
 1409   1.41 -19.42 13.71  3.53 996210043  1.00  0.40 
 1410   1.46 -19.45 13.74  3.531005110044  1.00  0.40 
 1411   1.49 -19.43 13.79  3.53 999410036  1.00  0.40 
 1412   1.46 -19.41 13.78  3.53 993110017  1.00  0.40 
 1413   1.45 -19.39 13.79  3.5210141 9943  1.00  0.40 
 1414   1.55 -19.41 13.77  3.54 991310003  1.00  0.40 
 1415   1.55 -19.44 13.80  3.53 9977 9986  1.00  0.40 
 1416   1.58 -19.52 13.79  3.53 998610002  1.00  0.40 
 1417   1.66 -19.49 13.83  3.55 997410053  1.00  0.40 
 1418   1.59 -19.51 13.82  3.56 9940 9994  1.00  0.40 
 1419   1.58 -19.49 13.84  3.5410046 9959  1.00  0.40 
 1420   1.61 -19.49 13.88  3.541006010056  1.00  0.40 
 1421   1.57 -19.43 13.89  3.55 987010012  1.00  0.40 
 1422   1.54 -19.46 13.88  3.551000310054  1.00  0.40 
 1423   1.46 -19.48 13.90  3.55 9929 9862  1.00  0.40 
 1424   1.45 -19.52 13.89  3.551001310023  1.00  0.40 
 1425   1.40 -19.49 13.93  3.551004310008  1.00  0.40 
 1426   1.42 -19.46 13.95  3.5310036 9997  1.00  0.40 
 1427   1.43 -19.45 13.97  3.521000610105  1.00  0.40 
 1428   1.47 -19.45 13.94  3.511002010157  1.00  0.40 
 1429   1.45 -19.45 13.94  3.5110000 9970  1.00  0.40 
 1430   1.48 -19.44 13.99  3.50 998310021  1.00  0.40 
 1431   1.51 -19.43 13.98  3.5010008 9832  1.00  0.40 
 1432   1.50 -19.38 13.97  3.52 995910015  1.00  0.40 
 1433   1.51 -19.33 13.96  3.51 996510009  1.00  0.40 
 1434   1.47 -19.31 13.97  3.51 9877 9963  1.00  0.40 
 1435   1.49 -19.35 13.92  3.50 9926 9914  1.00  0.40 
 1436   1.43 -19.35 13.92  3.51 9933 9989  1.00  0.40 
 1437   1.45 -19.32 13.89  3.51 9981 9976  1.00  0.40 
 1438   1.43 -19.31 13.89  3.511002810133  1.00  0.40 
 1439   1.51 -19.31 13.90  3.501001710024  1.00  0.40 
 1440   1.48 -19.33 13.94  3.50 9990 9966  1.00  0.40 
 1441   1.50 -19.35 13.95  3.4910014 9980  1.00  0.40 
 1442   1.44 -19.35 13.97  3.49 9999 9993  1.00  0.40 
 1443   1.38 -19.35 14.01  3.51 999910050  1.00  0.40 
 1444   1.41 -19.36 14.04  3.501005310090  1.00  0.40 
 1445   1.40 -19.35 14.03  3.491004210013  1.00  0.40 
 1446   1.37 -19.33 14.01  3.50 9998 9967  1.00  0.40 
 1447   1.45 -19.31 14.07  3.51 988510035  1.00  0.40 
 1448   1.41 -19.31 14.05  3.5110046 9948  1.00  0.40 
 1449   1.41 -19.29 14.07  3.501010810111  1.00  0.40 
 1450   1.42 -19.26 14.08  3.50 9875 9954  1.00  0.40 
 1451   1.39 -19.28 14.08  3.5110097 9966  1.00  0.40 
 1452   1.36 -19.31 14.12  3.53 9938 9993  1.00  0.40 
 1453   1.34 -19.28 14.15  3.5110070 9949  1.00  0.40 
 1454   1.34 -19.29 14.15  3.51 9860 9975  1.00  0.40 
 1455   1.27 -19.32 14.17  3.52 9985 9862  1.00  0.40 
 1456   1.27 -19.32 14.15  3.50 9977 9938  1.00  0.40 
 1457   1.23 -19.30 14.16  3.50 9899 9982  1.00  0.40 
 1458   1.25 -19.32 14.17  3.501010310133  1.00  0.40 
 1459   1.18 -19.36 14.16  3.51 997510025  1.00  0.40 
 1460   1.18 -19.37 14.18  3.531002110018  1.00  0.40 
 1461   1.21 -19.36 14.18  3.521015110001  1.00  0.40 
 1462   1.18 -19.35 14.17  3.52 9995 9969  1.00  0.40 
 1463   1.11 -19.37 14.18  3.53 993410001  1.00  0.40 
 1464   1.16 -19.38 14.19  3.521004210177  1.00  0.40 
 1465   1.14 -19.39 14.18  3.521006910141  1.00  0.40 
 1466   1.11 -19.38 14.18  3.541008610185  1.00  0.40 
 1467   1.08 -19.40 14.22  3.53 987010041  1.00  0.40 
 1468   1.15 -19.32 14.29  3.521007410005  1.00  0.40 
 1469   1.28 -19.26 14.27  3.52 979410049  1.00  0.40 
 1470   1.27 -19.30 14.26  3.55 998410018  1.00  0.40 
 1471   1.27 -19.29 14.27  3.5310012 9999  1.00  0.40 
 1472   1.27 -19.35 14.27  3.5110018 9930  1.00  0.40 
 1473   1.20 -19.31 14.28  3.51 9874 9962  1.00  0.40 
 1474   1.28 -19.34 14.28  3.511000110071  1.00  0.40 
 1475   1.27 -19.33 14.28  3.51 9874 9901  1.00  0.40 
 1476   1.31 -19.32 14.30  3.5110031 9943  1.00  0.40 
 1477   1.35 -19.28 14.31  3.49 996010009  1.00  0.40 
 1478   1.43 -19.28 14.33  3.501000110060  1.00  0.40 
 1479   1.42 -19.27 14.31  3.49 995710109  1.00  0.40 
 1480   1.40 -19.23 14.36  3.49 988110015  1.00  0.40 
 1481   1.37 -19.22 14.35  3.50 9842 9954  1.00  0.40 
 1482   1.31 -19.22 14.35  3.5010130 9927  1.00  0.40 
 1483   1.41 -19.19 14.36  3.51 992910022  1.00  0.40 
 1484   1.41 -19.16 14.39  3.54 9952 9934  1.00  0.40 
 1485   1.34 -19.13 14.38  3.53 990210049  1.00  0.40 
 1486   1.32 -19.06 14.39  3.531020410046  1.00  0.40 
 1487   1.31 -19.13 14.37  3.541004410037  1.00  0.40 
 1488   1.28 -19.13 14.38  3.5610017 9939  1.00  0.40 
 1489   1.23 -19.15 14.36  3.55 9932 9960  1.00  0.40 
 1490   1.25 -19.11 14.34  3.57 9967 9947  1.00  0.40 
 1491   1.18 -19.09 14.35  3.56 996410118  1.00  0.40 
 1492   1.19 -19.06 14.35  3.57 998610050  1.00  0.40 
 1493   1.23 -19.05 14.34  3.57 993610005  1.00  0.40 
 1494   1.32 -19.04 14.35  3.561006410002  1.00  0.40 
 1495   1.29 -19.05 14.36  3.5510030 9918  1.00  0.40 
 1496   1.36 -19.01 14.38  3.56 9955 9908  1.00  0.40 
 1497   1.37 -19.01 14.39  3.561000210016  1.00  0.40 
 1498   1.36 -18.97 14.41  3.57 995910067  1.00  0.40 
 1499   1.33 -18.97 14.39  3.581004210068  1.00  0.40 
 1500   1.32 -18.99 14.38  3.57 989110037  1.00  0.40 
 1501   1.33 -19.00 14.38  3.56 9997 9975  1.00  0.40 
 1502   1.31 -18.95 14.35  3.55 994810032  1.00  0.40 
 1503   1.29 -18.98 14.38  3.56 999710085  1.00  0.40 
 1504   1.26 -18.96 14.39  3.571003010049  1.00  0.40 
 1505   1.14 -19.01 14.38  3.561000210023  1.00  0.40 
 1506   1.21 -19.03 14.41  3.56 9951 9999  1.00  0.40 
 1507   1.13 -19.00 14.42  3.57 9839 9999  1.00  0.40 
 1508   1.15 -18.98 14.41  3.58 9905 9984  1.00  0.40 
 1509   1.14 -18.97 14.40  3.57 983610129  1.00  0.40 
 1510   1.15 -18.97 14.39  3.59 9907 9984  1.00  0.40 
 1511   1.16 -18.95 14.43  3.591005410105  1.00  0.40 
 1512   1.17 -18.95 14.48  3.6010038 9887  1.00  0.40 
 1513   1.21 -18.93 14.50  3.61 9911 9969  1.00  0.40 
 1514   1.19 -18.91 14.48  3.611008510032  1.00  0.40 
 1515   1.16 -18.88 14.52  3.6110063 9990  1.00  0.40 
 1516   1.20 -18.86 14.51  3.62 9974 9861  1.00  0.40 
 1517   1.14 -18.85 14.50  3.63 998910058  1.00  0.40 
 1518   1.12 -18.87 14.52  3.6410069 9936  1.00  0.40 
 1519   1.08 -18.84 14.46  3.65 9935 9981  1.00  0.40 
 1520   1.13 -18.85 14.50  3.68 9924 9929  1.00  0.40 
 1521   1.16 -18.85 14.53  3.681004610049  1.00  0.40 
 1522   1.17 -18.84 14.55  3.69 9945 9931  1.00  0.40 
 1523   1.24 -18.84 14.56  3.69 995310086  1.00  0.40 
 1524   1.24 -18.86 14.55  3.71 9833 9908  1.00  0.40 
 1525   1.20 -18.89 14.55  3.71 9865 9981  1.00  0.40 
 1526   1.16 -18.85 14.54  3.70 986510022  1.00  0.40 
 1527   1.20 -18.85 14.56  3.69 9944 9976  1.00  0.40 
 1528   1.24 -18.87 14.60  3.68 993010049  1.00  0.40 
 1529   1.26 -18.89 14.57  3.69 993710196  1.00  0.40 
 1530   1.24 -18.90 14.56  3.69 9910 9968  1.00  0.40 
 1531   1.31 -18.87 14.58  3.691002610082  1.00  0.40 
 1532   1.34 -18.84 14.57  3.67 9820 9948  1.00  0.40 
 1533   1.32 -18.85 14.57  3.681003310075  1.00  0.40 
 1534   1.37 -18.86 14.59  3.68 997610003  1.00  0.40 
 1535   1.38 -18.82 14.59  3.66 9966 9939  1.00  0.40 
 1536   1.42 -18.77 14.59  3.65 983810010  1.00  0.40 
 1537   1.40 -18.75 14.63  3.65 9991 9890  1.00  0.40 
 1538   1.40 -18.76 14.65  3.66 993810007  1.00  0.40 
 1539   1.38 -18.78 14.64  3.67 9897 9941  1.00  0.40 
 1540   1.44 -18.74 14.64  3.67 9792 9999  1.00  0.40 
 1541   1.43 -18.75 14.64  3.6810086 9963  1.00  0.40 
 1542   1.41 -18.77 14.68  3.681003110079  1.00  0.40 
 1543   1.41 -18.80 14.66  3.68 998510032  1.00  0.40 
 1544   1.34 -18.78 14.71  3.671001410039  1.00  0.40 
 1545   1.44 -18.80 14.69  3.68 987410058  1.00  0.40 
 1546   1.45 -18.76 14.71  3.6710080 9938  1.00  0.40 
 1547   1.50 -18.82 14.72  3.6510020 9980  1.00  0.40 
 1548   1.50 -18.79 14.73  3.66 9982 9986  1.00  0.40 
 1549   1.54 -18.78 14.72  3.661005410045  1.00  0.40 
 1550   1.53 -18.73 14.78  3.641004210160  1.00  0.40 
 1551   1.49 -18.76 14.78  3.651007910004  1.00  0.40 
 1552   1.45 -18.73 14.78  3.641012010024  1.00  0.40 
 1553   1.45 -18.73 14.74  3.65 995610137  1.00  0.40 
 1554   1.43 -18.70 14.74  3.64 997310036  1.00  0.40 
 1555   1.42 -18.69 14.73  3.64 9820 9829  1.00  0.40 
 1556   1.47 -18.64 14.75  3.631007510088  1.00  0.40 
 1557   1.51 -18.56 14.74  3.63 997310022  1.00  0.40 
 1558   1.45 -18.53 14.69  3.6310126 9952  1.00  0.40 
 1559   1.50 -18.55 14.69  3.63 998110023  1.00  0.40 
 1560   1.51 -18.52 14.66  3.63 9990 9869  1.00  0.40 
 1561   1.55 -18.53 14.64  3.6310039 9869  1.00  0.40 
 1562   1.57 -18.52 14.65  3.64 9953 9896  1.00  0.40 
 1563   1.52 -18.54 14.66  3.651004010021  1.00  0.40 
 1564   1.56 -18.52 14.65  3.661008010000  1.00  0.